bird.js:238 0 4.218281672313607 0.1771678302371715
bird.js:238 1 4.1808340589795 0.17559503047713904
bird.js:238 2 4.158257208789272 0.17464680276914946
bird.js:238 3 4 0.168
bird.js:238 4 3.9999999999999996 0.16799999999999998
bird.js:238 5 3.9999999999999996 0.16799999999999998
bird.js:238 6 3.9999999999999996 0.168
bird.js:238 7 4 0.168
bird.js:238 8 4 0.168
bird.js:238 9 4 0.168
bird.js:238 10 4.194926428476418 0.17618690999600953
bird.js:238 11 3.9999999999999996 0.168
bird.js:238 12 4 0.168
bird.js:238 13 4 0.16800000000000004
bird.js:238 14 4 0.168
bird.js:238 0 3.9881939842559397 0.7776978269299083
bird.js:238 1 3.510220223674993 0.6844929436166237
bird.js:238 2 3.70677231708405 0.7228206018313897
bird.js:238 3 3.9999999999999996 0.7799999999999999
bird.js:238 4 4.1510877276254625 0.8094621068869652
bird.js:238 5 3.9999999999999996 0.7799999999999999
bird.js:238 6 4 0.7800000000000001
bird.js:238 7 4 0.78
bird.js:238 8 4 0.7800000000000001
bird.js:238 9 4 0.7800000000000001
bird.js:238 10 3.942170012251981 0.7687231523891364
bird.js:238 11 4 0.7800000000000001
bird.js:238 12 4 0.78
bird.js:238 13 3.9999999999999996 0.7799999999999999
bird.js:238 14 3.999999999999999 0.78
bird.js:238 0 3.9968432039355926 0.051958961651162705
bird.js:238 1 3.024412844959501 0.03931736698447351
bird.js:238 2 3.4655367187964132 0.045051977344353365
bird.js:238 3 4 0.052
bird.js:238 4 3.9947828025185452 0.05193217643274108
bird.js:238 5 4 0.05199999999999999
bird.js:238 6 4.079691319783029 0.05303598715717937
bird.js:238 7 4 0.052000000000000005
bird.js:238 8 3.9999999999999996 0.05199999999999999
bird.js:238 9 4 0.052
bird.js:238 10 3.7384256486945446 0.048599533433029085
bird.js:238 11 4 0.05199999999999999
bird.js:238 12 3.9999999999999996 0.05199999999999999
bird.js:238 13 4 0.052
bird.js:238 14 3.9999999999999996 0.05199999999999999
bird.js:238 0 3.9950693923093477 0.06791617966925892
bird.js:238 1 2.6875038315533657 0.04568756513640722
bird.js:238 2 3.252199011064666 0.05528738318809932
bird.js:238 3 4 0.068
bird.js:238 4 3.855807848451076 0.06554873342366829
bird.js:238 5 4 0.068
bird.js:238 6 3.8202605929323235 0.0649444300798495
bird.js:238 7 4 0.068
bird.js:238 8 4 0.068
bird.js:238 9 4 0.068
bird.js:238 10 3.552427431727958 0.06039126633937529
bird.js:238 11 4 0.068
bird.js:238 12 4 0.068
bird.js:238 13 3.9999999999999996 0.068
bird.js:238 14 3.9999999999999996 0.06799999999999999
bird.js:238 0 3.9927822396844546 0.3154297969350719
bird.js:238 1 2.4556021805289863 0.19399257226178993
bird.js:238 2 3.062195032643417 0.24191340757882993
bird.js:238 3 3.9999999999999996 0.316
bird.js:238 4 3.733308372992685 0.29493136146642207
bird.js:238 5 4 0.316
bird.js:238 6 3.58536543761146 0.2832438695713054
bird.js:238 7 3.9999999999999996 0.316
bird.js:238 8 4 0.316
bird.js:238 9 3.9999999999999996 0.316
bird.js:238 10 3.3837434864286164 0.2673157354278607
bird.js:238 11 4 0.31600000000000006
bird.js:238 12 4 0.316
bird.js:238 13 4 0.316
bird.js:238 14 4 0.31600000000000006
bird.js:238 0 4 0.356
bird.js:238 1 2.3205688589297195 0.206530628444745
bird.js:238 2 2.8934480870803734 0.2575168797501532
bird.js:238 3 4 0.3559999999999999
bird.js:238 4 3.60817789475253 0.3211278326329751
bird.js:238 5 4 0.356
bird.js:238 6 3.3987658734180006 0.30249016273420204
bird.js:238 7 4 0.35600000000000004
bird.js:238 8 4 0.356
bird.js:238 9 4 0.3559999999999999
bird.js:238 10 3.2391164448672476 0.288281363593185
bird.js:238 11 4 0.356
bird.js:238 12 4 0.356
bird.js:238 13 4 0.356
bird.js:238 14 3.9999999999999996 0.356
bird.js:238 0 3.9999999999999996 1.7399999999999998
bird.js:238 1 2.238562711425096 0.9737747794699169
bird.js:238 2 2.7564003083728985 1.199034134142211
bird.js:238 3 4 1.74
bird.js:238 4 3.48926578232309 1.517830615310544
bird.js:238 5 4 1.74
bird.js:238 6 3.2282731289514475 1.4042988110938797
bird.js:238 7 3.9999999999999996 1.74
bird.js:238 8 4 1.74
bird.js:238 9 4 1.7400000000000002
bird.js:238 10 3.1183082892741307 1.3564641058342468
bird.js:238 11 4 1.74
bird.js:238 12 3.9999999999999996 1.74
bird.js:238 13 4 1.74
bird.js:238 14 4 1.74
bird.js:238 0 4 0.09600000000000002
bird.js:238 1 2.187385825379508 0.052497259809108195
bird.js:238 2 2.6792734958289546 0.0643025638998949
bird.js:238 3 4 0.09600000000000002
bird.js:238 4 3.373577733181938 0.08096586559636651
bird.js:238 5 4 0.09600000000000002
bird.js:238 6 3.097847282972099 0.07434833479133038
bird.js:238 7 3.9999999999999996 0.09599999999999999
bird.js:238 8 4 0.096
bird.js:238 9 4 0.09600000000000002
bird.js:238 10 3.7004054114527682 0.08880972987486645
bird.js:238 11 4 0.09600000000000002
bird.js:238 12 3.9999999999999996 0.09599999999999999
bird.js:238 13 4 0.09599999999999999
bird.js:238 14 3.9999999999999996 0.09599999999999999
bird.js:238 0 4 0.404
bird.js:238 1 2.1592067198621545 0.2180798787060776
bird.js:238 2 2.6186615010340457 0.26448481160443865
bird.js:238 3 4 0.4040000000000001
bird.js:238 4 3.2670928851407095 0.3299763813992117
bird.js:238 5 3.9999999999999996 0.404
bird.js:238 6 2.983777374729799 0.30136151484770973
bird.js:238 7 4 0.404
bird.js:238 8 4 0.4040000000000001
bird.js:238 9 4 0.4040000000000001
bird.js:238 10 3.913717532970578 0.3952854708300284
bird.js:238 11 4 0.404
bird.js:238 12 4 0.40399999999999997
bird.js:238 13 3.9999999999999996 0.404
bird.js:238 14 3.9999999999999996 0.404
bird.js:238 0 4 0.084
bird.js:238 1 2.036792391972373 0.04277264023141983
bird.js:238 2 2.5785726331659578 0.05415002529648512
bird.js:238 3 4 0.084
bird.js:238 4 3.1609542755401296 0.06638003978634273
bird.js:238 5 4 0.084
bird.js:238 6 2.88607483302264 0.06060757149347545
bird.js:238 7 3.9999999999999996 0.084
bird.js:238 8 3.9999999999999996 0.08399999999999999
bird.js:238 9 4 0.084
bird.js:238 10 3.9751125951366806 0.0834773644978703
bird.js:238 11 3.9999999999999996 0.08399999999999999
bird.js:238 12 3.9999999999999996 0.084
bird.js:238 13 4 0.084
bird.js:238 14 4 0.084
bird.js:238 0 4 0.08
bird.js:238 1 2.0052074008022704 0.040104148016045414
bird.js:238 2 2.477557798869818 0.04955115597739636
bird.js:238 3 4 0.08
bird.js:238 4 3.120586576924732 0.06241173153849464
bird.js:238 5 4 0.08
bird.js:238 6 2.8222818801089105 0.05644563760217821
bird.js:238 7 4 0.08
bird.js:238 8 3.9999999999999996 0.08
bird.js:238 9 3.9999999999999996 0.08
bird.js:238 10 3.964889101164431 0.07929778202328862
bird.js:238 11 4 0.08
bird.js:238 12 3.9999999999999996 0.08
bird.js:238 13 3.9999999999999996 0.08
bird.js:238 14 4 0.08000000000000002
bird.js:238 0 3.9999999999999996 0.068
bird.js:238 1 2.1290169490793125 0.036193288134348314
bird.js:238 2 2.39272471400576 0.04067632013809793
bird.js:238 3 3.9999999999999996 0.068
bird.js:238 4 3.0846745308717045 0.052439467024818984
bird.js:238 5 4 0.068
bird.js:238 6 2.7620490406680265 0.046954833691356446
bird.js:238 7 4 0.068
bird.js:238 8 4 0.068
bird.js:238 9 3.9999999999999996 0.068
​ 10 3.958719571600252 0.06729823271720428
​ 11 4 0.068
​ 12 4 0.068
​ 13 4 0.068
​ 14 4 0.068
​ 0 3.984349092069551 0.06773393456518237
​ 1 2.7296452978483994 0.04640397006342279
​ 2 2.322271110444089 0.03947860887754952
​ 3 3.9999999999999996 0.06799999999999999
​ 4 3.0527479834325564 0.05189671571835346
​ 5 3.9999999999999996 0.068
​ 6 2.7025679540467418 0.04594365521879461
​ 7 4 0.068
​ 8 3.9578481417951803 0.06728341841051808
​ 9 4 0.068
​ 10 3.953625503120703 0.06721163355305194
​ 11 4 0.068
​ 12 4 0.068
​ 13 4 0.06799999999999999
​ 14 3.9999999999999996 0.068
​ 0 3.9794173976857605 0.05969126096528641
​ 1 3.5457636073019647 0.05318645410952947
​ 2 2.2640434638826608 0.03396065195823991
​ 3 4 0.06
​ 4 3.0252890379733435 0.04537933556960015
​ 5 3.9999999999999996 0.06
​ 6 2.6438431742815407 0.03965764761422311
​ 7 4 0.06
​ 8 3.845614917562087 0.0576842237634313
​ 9 3.9999999999999996 0.05999999999999999
​ 10 3.9493457149071283 0.059240185723606925
​ 11 3.9999999999999996 0.05999999999999999
​ 12 3.9999999999999996 0.05999999999999999
​ 13 4 0.060000000000000005
​ 14 3.9999999999999996 0.06
​ 0 3.9773243556810427 0.1113650819590692
​ 1 3.780575483015559 0.10585611352443565
​ 2 2.2157068359031706 0.06203979140528878
​ 3 4 0.112
​ 4 3.0026187987583377 0.08407332636523347
​ 5 4 0.11200000000000002
​ 6 2.5889049512615374 0.07248933863532306
​ 7 4 0.112
​ 8 3.8175836151552125 0.10689234122434596
​ 9 4 0.112
​ 10 3.9454327071017468 0.1104721157988489
​ 11 4 0.112
​ 12 3.9999999999999996 0.11199999999999999
​ 13 3.9999999999999996 0.112
​ 14 4 0.112
​ 0 3.9768307384828065 0.06362929181572491
​ 1 3.8685116731777653 0.06189618677084425
​ 2 2.176091000602642 0.03481745600964227
​ 3 4 0.064
​ 4 2.8993537282499475 0.04638965965199915
​ 5 4.053191210918686 0.06485105937469898
​ 6 2.5369558359049926 0.04059129337447988
​ 7 4.003192693159416 0.06405108309055066
​ 8 3.8122969257944286 0.06099675081271085
​ 9 4 0.064
​ 10 3.938880896731554 0.06302209434770487
​ 11 4 0.064
​ 12 3.9999999999999996 0.06399999999999999
​ 13 4 0.064
​ 14 3.978235548308475 0.0636517687729356
​ 0 3.9768179404528885 0.07158272292815199
​ 1 3.9013771614578023 0.07022478890624044
​ 2 2.1445546264506965 0.03860198327611254
​ 3 3.98695784900471 0.07176524128208478
​ 4 2.806505732552043 0.050517103185936774
​ 5 4 0.072
​ 6 2.4891553998308775 0.04480479719695579
​ 7 4.014700183907866 0.07226460331034158
​ 8 3.830064458507884 0.0689411602531419
​ 9 4 0.07200000000000001
​ 10 3.9347622916503213 0.07082572124970578
​ 11 4 0.072
​ 12 3.9999999999999996 0.072
​ 13 3.9999999999999996 0.072
​ 14 3.934903702528506 0.0708282666455131
​ 0 3.9756041816313945 0.06360966690610231
​ 1 3.9022759609516795 0.06243641537522687
​ 2 2.1201806500826588 0.03392289040132255
​ 3 3.936853427548145 0.06298965484077032
​ 4 2.7233361095023247 0.0435733777520372
​ 5 3.9999999999999996 0.064
​ 6 2.44511861125193 0.039121897780030876
​ 7 4.033038799253734 0.06452862078805974
bird.js:238 8 3.858382016309441 0.06173411226095105
bird.js:238 9 4 0.064
bird.js:238 10 3.931916974086454 0.06291067158538326
bird.js:238 11 4 0.064
bird.js:238 12 4 0.064
bird.js:238 13 3.9999999999999996 0.064
bird.js:238 14 3.9226879221449362 0.06276300675431898
bird.js:238 0 3.9743044867443054 0.06756317627465319
bird.js:238 1 3.9054290345513087 0.06639229358737225
bird.js:238 2 2.361352023043061 0.040142984391732035
bird.js:238 3 3.9228079343770674 0.06668773488441015
bird.js:238 4 2.6475279274876216 0.04500797476728957
bird.js:238 5 4 0.068
bird.js:238 6 2.4056104351930654 0.04089537739828212
bird.js:238 7 4.049080734750623 0.0688343724907606
bird.js:238 8 3.8892244459467262 0.06611681558109435
bird.js:238 9 3.9999999999999996 0.068
bird.js:238 10 3.9306576620970013 0.06682118025564902
bird.js:238 11 4 0.068
bird.js:238 12 4 0.068
bird.js:238 13 3.9999999999999996 0.068
bird.js:238 14 3.919096926755376 0.06662464775484139
bird.js:238 0 3.973602571035963 0.05165683342346752
bird.js:238 1 3.9088144528783886 0.05081458788741905
bird.js:238 2 2.86414353791163 0.03723386599285119
bird.js:238 3 3.918958802609211 0.050946464433919744
bird.js:238 4 2.577896174759049 0.03351265027186764
bird.js:238 5 4 0.052
bird.js:238 6 2.370778758557721 0.030820123861250374
bird.js:238 7 4.029253886763709 0.05238030052792822
bird.js:238 8 3.918533053273381 0.05094092969255395
bird.js:238 9 4 0.052
bird.js:238 10 3.9304045724288397 0.05109525944157491
bird.js:238 11 3.9999999999999996 0.05199999999999999
bird.js:238 12 4 0.052
bird.js:238 13 3.976261927885762 0.0516914050625149
bird.js:238 14 3.9181303789820494 0.05093569492676664
bird.js:238 0 3.97333649255509 0.0754933933585467
bird.js:238 1 3.912007825230876 0.07432814867938664
bird.js:238 2 3.4368635489238786 0.06530040742955368
bird.js:238 3 3.9179449283418997 0.0744409536384961
bird.js:238 4 2.4959406635258903 0.04742287260699191
bird.js:238 5 4 0.076
bird.js:238 6 2.3572452319696717 0.04478765940742376
bird.js:238 7 4.010807306889244 0.07620533883089563
bird.js:238 8 3.9444218573470016 0.07494401528959302
bird.js:238 9 4 0.076
bird.js:238 10 3.9256956467805626 0.0745882172888307
bird.js:238 11 4 0.076
bird.js:238 12 3.9999999999999996 0.076
bird.js:238 13 3.950595666484796 0.07506131766321113
bird.js:238 14 3.9181864257266024 0.07444554208880544
bird.js:238 0 3.9738166502242978 0.07550251635426165
bird.js:238 1 3.9152812434054205 0.07439034362470298
bird.js:238 2 3.772937266689146 0.07168580806709376
bird.js:238 3 3.9178464622112137 0.07443908278201306
bird.js:238 4 2.4254423494151682 0.046083404638888194
bird.js:238 5 4 0.076
bird.js:238 6 2.3453567845206535 0.04456177890589242
bird.js:238 7 3.9937494895001175 0.07588124030050224
bird.js:238 8 3.9665269628212383 0.07536401229360352
bird.js:238 9 4 0.076
bird.js:238 10 3.924506780837317 0.07456562883590902
bird.js:238 11 4 0.076
bird.js:238 12 4 0.076
bird.js:238 13 3.943390704298303 0.07492442338166776
bird.js:238 14 3.9186020566855397 0.07445343907702524
​ 0 3.9742668844876654 0.05961400326731498
​ 1 3.918919206876128 0.05878378810314192
​ 2 3.897632164709114 0.05846448247063671
​ 3 3.9177511132103957 0.05876626669815593
​ 4 2.3661687279985415 0.03549253091997812
​ 5 3.9999999999999996 0.060000000000000005
​ 6 2.334608023771488 0.03501912035657233
​ 7 3.978254680363254 0.059673820205448806
​ 8 3.984701034449226 0.05977051551673839
​ 9 4 0.060000000000000005
​ 10 3.9239963277178 0.058859944915766994
​ 11 4 0.05999999999999999
​ 12 4 0.06
​ 13 3.941188010076992 0.059117820151154875
​ 14 3.9190048980301984 0.05878507347045297
​ 0 3.9744787592243074 0.06359166014758892
​ 1 3.922849682697693 0.0627655949231631
​ 2 3.938414383594681 0.0630146301375149
​ 3 3.917577540543806 0.0626812406487009
​ 4 2.317399465534343 0.03707839144854949
​ 5 4 0.064
​ 6 2.3248186382586673 0.03719709821213867
​ 7 3.9641523199668107 0.06342643711946898
​ 8 4.022152603664746 0.06435444165863595
​ 9 4 0.064
​ 10 3.9235704856759215 0.06277712777081475
​ 11 4 0.064
​ 12 3.9999999999999996 0.064
​ 13 3.940428178056462 0.0630468508489034
​ 14 3.919414534646978 0.06271063255435164
​ 0 3.9746243432639043 0.07551786252201417
​ 1 3.9270295242602242 0.07461356096094426
​ 2 3.949823765311118 0.07504665154091124
​ 3 3.91747931608538 0.07443210700562221
​ 4 2.278120585188035 0.043284291118572654
​ 5 4 0.076
​ 6 2.316008436891953 0.0440041603009471
​ 7 3.951171629016327 0.07507226095131021
​ 8 4.092210234924777 0.07775199446357076
​ 9 4 0.076
​ 10 3.923162000082865 0.07454007800157443
​ 11 4 0.076
​ 12 3.9999999999999996 0.076
​ 13 3.940198688092963 0.0748637750737663
​ 14 3.9199213494162066 0.07447850563890791
​ 0 3.9746552964306816 0.05961982944646023
​ 1 3.9311732367482577 0.05896759855122386
​ 2 3.952796974483822 0.05929195461725732
​ 3 3.917296192340215 0.05875944288510323
​ 4 2.2705248186574054 0.03405787227986108
​ 5 4 0.060000000000000005
​ 6 2.308308292192051 0.03462462438288076
​ 7 3.9469784497001306 0.059204676745501957
​ 8 4.165607341991697 0.06248411012987545
​ 9 3.9999999999999996 0.06
​ 10 3.922487301105901 0.05883730951658851
​ 11 4 0.060000000000000005
​ 12 4 0.05999999999999999
​ 13 3.941549264811106 0.05912323897216659
​ 14 3.9217797535415437 0.058826696303123156
​ 0 3.9760411438108605 0.07554478173240635
​ 1 3.9371616079995357 0.07480607055199118
​ 2 3.9537516160775423 0.07512128070547329
​ 3 3.917381937556092 0.07443025681356574
​ 4 2.264809858611537 0.043031387313619204
​ 5 4 0.076
​ 6 2.3018266993349514 0.04373470728736408
​ 7 3.9431807298311305 0.07492043386679148
​ 8 4.248710184441398 0.08072549350438656
​ 9 4 0.076
​ 10 3.9220465409873926 0.07451888427876045
​ 11 4 0.076
​ 12 3.9203364875236493 0.07448639326294933
​ 13 3.943634858428215 0.07492906231013609
​ 14 3.9999999999999996 0.07599999999999998
​ 0 3.985432514326941 0.05579605520057717
​ 1 3.9510323945751495 0.0553144535240521
​ 2 3.963713995005427 0.055491995930075984
​ 3 3.9999999999999996 0.056
​ 4 2.2611616457811294 0.031656263040935814
​ 5 4 0.05600000000000001
​ 6 2.2961564313581104 0.03214619003901355
​ 7 4 0.055999999999999994
​ 8 5.328120294976138 0.07459368412966594
​ 9 4 0.056
​ 10 3.9592975403595183 0.05543016556503325
​ 11 4 0.056
​ 12 3.8987731253368585 0.05458282375471602
​ 13 3.977566311613556 0.05568592836258978
​ 14 4 0.056
​ 0 4 0.072
​ 1 3.9849294908222146 0.07172873083479984
​ 2 3.9926766922894026 0.07186818046120924
​ 3 7.02035346188662 0.12636636231395915
​ 4 2.2603202371282984 0.04068576426830937
​ 5 3.9999999999999996 0.072
​ 6 2.290798388296397 0.04123437098933515
​ 7 4 0.072
​ 8 5.16959283452522 0.09305267102145397
​ 9 3.9999999999999996 0.072
​ 10 3.978557472883819 0.07161403451190873
​ 11 3.9999999999999996 0.072
​ 12 3.908719613151896 0.07035695303673412
​ 13 3.9929445277991267 0.07187300150038428
​ 14 4 0.072
​ 0 4 0.064
​ 1 3.9999999999999996 0.064
​ 2 4 0.064
​ 3 6.468478311301695 0.10349565298082714
​ 4 2.2608837780451605 0.036174140448722567
​ 5 4 0.06400000000000002
​ 6 2.285782753524044 0.0365725240563847
​ 7 4 0.064
​ 8 5.0469031668663895 0.08075045066986224
​ 9 3.9999999999999996 0.06399999999999999
​ 10 3.9805640586240503 0.06368902493798481
​ 11 4 0.064
​ 12 3.912069286696355 0.06259310858714168
​ 13 3.9952250892021923 0.06392360142723508
​ 14 4 0.06399999999999999
​ 0 4 0.064
​ 1 4 0.064
​ 2 4 0.064
​ 3 5.952284379725442 0.09523655007560708
​ 4 2.2516876450644316 0.03602700232103091
​ 5 4 0.064
​ 6 2.2800472028972356 0.036480755246355766
​ 7 4 0.064
bird.js:238 8 4.953651935657151 0.07925843097051441
bird.js:238 9 3.9999999999999996 0.064
bird.js:238 10 3.978246550591886 0.06365194480947017
bird.js:238 11 4 0.064
bird.js:238 12 3.9184731478171853 0.06269557036507496
bird.js:238 13 3.994067754708423 0.06390508407533477
bird.js:238 14 4 0.064
bird.js:238 0 4 0.068
bird.js:238 1 3.9999999999999996 0.068
bird.js:238 2 4 0.068
bird.js:238 3 5.478417086175993 0.09313309046499188
bird.js:238 4 2.245595100316776 0.03817511670538519
bird.js:238 5 4 0.068
bird.js:238 6 2.274326426635454 0.03866354925280272
bird.js:238 7 4 0.068
bird.js:238 8 4.887400674822405 0.0830858114719809
bird.js:238 9 3.9808860903634713 0.06767506353617903
bird.js:238 10 3.9751416488731164 0.067577408030843
bird.js:238 11 4 0.06799999999999999
bird.js:238 12 3.930956778074536 0.06682626522726712
bird.js:238 13 3.9921765255541666 0.06786700093442084
bird.js:238 14 4 0.068
bird.js:238 0 4 0.068
bird.js:238 1 3.9999999999999996 0.068
bird.js:238 2 4 0.068
bird.js:238 3 5.045037575952262 0.08576563879118845
bird.js:238 4 2.2420043785600883 0.0381140744355215
bird.js:238 5 4 0.068
bird.js:238 6 2.2685480302435046 0.03856531651413958
bird.js:238 7 4 0.068
bird.js:238 8 4.8443303966743505 0.08235361674346395
bird.js:238 9 3.9444476764909875 0.0670556105003468
bird.js:238 10 3.9720413735273894 0.06752470334996562
bird.js:238 11 4 0.068
bird.js:238 12 3.9452813842565106 0.06706978353236068
bird.js:238 13 3.9901089937964502 0.06783185289453966
bird.js:238 14 3.9999999999999996 0.06799999999999999
bird.js:238 0 4 0.04800000000000001
bird.js:238 1 4 0.048
bird.js:238 2 4 0.048
bird.js:238 3 4.6503236833631485 0.055803884200357784
bird.js:238 4 2.2404053426177333 0.026884864111412797
bird.js:238 5 4 0.04800000000000001
bird.js:238 6 2.262768043767568 0.02715321652521082
bird.js:238 7 4 0.048
bird.js:238 8 4.820507535067442 0.05784609042080931
bird.js:238 9 3.9333920962091606 0.04720070515450993
bird.js:238 10 3.9690623140198578 0.0476287477682383
bird.js:238 11 3.9999999999999996 0.047999999999999994
bird.js:238 12 3.9595829577782653 0.047514995493339186
bird.js:238 13 3.9879257377172515 0.04785510885260701
bird.js:238 14 4 0.04800000000000001
bird.js:238 0 4 0.084
bird.js:238 1 4 0.084
bird.js:238 2 4 0.084
bird.js:238 3 4.29162262602112 0.09012407514644352
bird.js:238 4 2.240316775211572 0.04704665227944301
bird.js:238 5 4 0.084
bird.js:238 6 2.256824429772968 0.04739331302523233
bird.js:238 7 3.9999999999999996 0.084
bird.js:238 8 4.79511464007731 0.1006974074416235
bird.js:238 9 3.930893579168388 0.08254876516253615
bird.js:238 10 3.9663341049030536 0.08329301620296413
bird.js:238 11 4 0.084
bird.js:238 12 3.9729639283153095 0.0834322424946215
bird.js:238 13 3.9857412598743696 0.08370056645736176
bird.js:238 14 3.9999999999999996 0.084
​ 0 4 0.064
​ 1 4 0.064
​ 2 3.9999999999999996 0.064
​ 3 4 0.064
​ 4 2.243078022376018 0.03588924835801629
​ 5 4 0.064
​ 6 2.254694839428839 0.03607511743086142
​ 7 4 0.06399999999999999
​ 8 4.829936028579265 0.07727897645726825
​ 9 3.909931302857731 0.0625589008457237
​ 10 3.9532765307542697 0.06325242449206832
​ 11 4 0.064
​ 12 3.9969300145447937 0.0639508802327167
​ 13 3.9836235340107047 0.06373797654417127
​ 14 3.9999999999999996 0.064
​ 0 4 0.076
​ 1 3.9999999999999996 0.07599999999999998
​ 2 4 0.076
​ 3 3.9999999999999996 0.076
​ 4 2.2481646272738884 0.04271512791820388
​ 5 4 0.076
​ 6 2.760963321899392 0.05245830311608844
​ 7 4 0.076
​ 8 4.868815692178314 0.09250749815138797
​ 9 3.8013167328415576 0.0722250179239896
​ 10 3.948211057515658 0.07501601009279751
​ 11 4 0.076
​ 12 4 0.076
​ 13 3.9823453567118694 0.07566456177752551
​ 14 4 0.076
​ 0 4 0.052
​ 1 3.9999999999999996 0.052
​ 2 3.989654584814086 0.05186550960258311
​ 3 4 0.052
​ 4 2.2573540904725364 0.029345603176142973
​ 5 4 0.052
​ 6 3.415813727773592 0.04440557846105669
​ 7 3.9999999999999996 0.052
​ 8 4.910164935664983 0.06383214416364477
​ 9 3.768305277252079 0.04898796860427702
​ 10 3.9455508516308684 0.05129216107120129
​ 11 3.9999999999999996 0.05199999999999999
​ 12 4 0.052
​ 13 3.9813247894390926 0.0517572222627082
​ 14 3.9999999999999996 0.05199999999999999
​ 0 4 0.072
​ 1 3.9999999999999996 0.072
​ 2 3.9823258562533304 0.07168186541255994
​ 3 3.9999999999999996 0.07199999999999998
​ 4 2.2702006689014276 0.0408636120402257
​ 5 3.9999999999999996 0.072
​ 6 3.805096936714858 0.06849174486086744
​ 7 4 0.072
​ 8 4.954264099238441 0.08917675378629192
​ 9 3.7730997230280163 0.06791579501450429
​ 10 3.9435238015415237 0.07098342842774742
​ 11 4 0.072
​ 12 4 0.072
​ 13 3.9805129689311016 0.07164923344075982
​ 14 4 0.072
​ 0 4 0.068
​ 1 3.9999999999999996 0.068
​ 2 3.9797812464304867 0.06765628118931828
​ 3 4 0.068
​ 4 2.285411951821569 0.038852003180966675
​ 5 4 0.068
​ 6 3.9390805001653586 0.0669643685028111
​ 7 4 0.068
bird.js:238 8 5.000554299902423 0.0850094230983412
bird.js:238 9 3.8006788565305807 0.06461154056101988
bird.js:238 10 3.941595542347576 0.0670071242199088
bird.js:238 11 3.9999999999999996 0.06799999999999999
bird.js:238 12 4.022320698315854 0.06837945187136951
bird.js:238 13 3.980993527453985 0.06767688996671775
bird.js:238 14 4 0.068
bird.js:238 0 4 0.068
bird.js:238 1 4 0.068
bird.js:238 2 3.977414997461877 0.06761605495685193
bird.js:238 3 3.9999999999999996 0.06799999999999999
bird.js:238 4 2.301702624856684 0.039128944622563624
bird.js:238 5 3.9999999999999996 0.068
bird.js:238 6 3.974368697707004 0.06756426786101906
bird.js:238 7 4 0.068
bird.js:238 8 5.047905976419299 0.08581440159912809
bird.js:238 9 3.8408118758993393 0.06529380189028877
bird.js:238 10 3.9389253966000064 0.06696173174220012
bird.js:238 11 4 0.068
bird.js:238 12 4.058350460624082 0.06899195783060941
bird.js:238 13 3.981251117849312 0.06768126900343831
bird.js:238 14 4 0.068
bird.js:238 0 3.8876748671555075 0.06609047274164363
bird.js:238 1 4 0.068
bird.js:238 2 3.9756865967995965 0.06758667214559314
bird.js:238 3 3.9999999999999996 0.068
bird.js:238 4 2.3187124251902036 0.039418111228233466
bird.js:238 5 4 0.06800000000000002
bird.js:238 6 3.9827177878871125 0.06770620239408091
bird.js:238 7 4 0.068
bird.js:238 8 5.094980949024122 0.08661467613341009
bird.js:238 9 3.885655439256645 0.06605614246736297
bird.js:238 10 3.9367824548335513 0.06692530173217037
bird.js:238 11 4 0.068
bird.js:238 12 4.103270589925529 0.06975560002873399
bird.js:238 13 3.9808626295847027 0.06767466470293995
bird.js:238 14 4 0.068
bird.js:238 0 3.8116730197697906 0.06098676831631665
bird.js:238 1 4 0.064
bird.js:238 2 3.9743768192894557 0.06359002910863129
bird.js:238 3 3.9999999999999996 0.06399999999999999
bird.js:238 4 2.336547876504512 0.03738476602407219
bird.js:238 5 4 0.064
bird.js:238 6 3.9844625616340474 0.06375140098614476
bird.js:238 7 4 0.064
bird.js:238 8 5.140355596721973 0.08224568954755156
bird.js:238 9 3.928698625574249 0.06285917800918799
bird.js:238 10 3.9500513008060323 0.06320082081289652
bird.js:238 11 4 0.064
bird.js:238 12 4.153958383782518 0.06646333414052029
bird.js:238 13 3.980271547559889 0.06368434476095823
bird.js:238 14 4 0.064
bird.js:238 0 3.7808419823301387 0.04158926180563152
bird.js:238 1 4 0.044
bird.js:238 2 3.973453671351524 0.04370799038486676
bird.js:238 3 4 0.044
bird.js:238 4 2.355306028720425 0.02590836631592467
bird.js:238 5 4 0.044000000000000004
bird.js:238 6 3.984756651033033 0.04383232316136336
bird.js:238 7 4 0.044
bird.js:238 8 5.182819392810603 0.05701101332091663
bird.js:238 9 3.9661452035573213 0.04362759723913053
bird.js:238 10 3.9525048764542836 0.04347755364099712
bird.js:238 11 4 0.044
bird.js:238 12 4 0.044
bird.js:238 13 3.9795097643085415 0.04377460740739395
bird.js:238 14 3.9999999999999996 0.04399999999999999
​ 0 3.7689793359178396 0.08668652472611031
​ 1 3.9999999999999996 0.092
​ 2 3.9733528403323755 0.09138711532764464
​ 3 3.9999999999999996 0.092
​ 4 2.376503080491934 0.054659570851314475
​ 5 4 0.09200000000000001
​ 6 3.9854714799204274 0.09166584403816982
​ 7 4.275963164177346 0.09834715277607897
​ 8 5.220817365749373 0.12007879941223558
​ 9 3.9966635830470496 0.09192326241008214
​ 10 3.952595698057493 0.09090970105532234
​ 11 4 0.092
​ 12 3.9999999999999996 0.092
​ 13 3.984202042433314 0.09163664697596621
​ 14 4 0.09200000000000001
​ 0 3.7645894362158687 0.033881304925942816
​ 1 3.9999999999999996 0.036
​ 2 3.9735152001209686 0.035761636801088716
​ 3 3.9999999999999996 0.036
​ 4 2.3882462407179843 0.021494216166461855
​ 5 3.9999999999999996 0.036
​ 6 3.986314666047894 0.03587683199443104
​ 7 4 0.036
​ 8 5.251426265151617 0.04726283638636455
​ 9 3.9306574729517045 0.03537591725656534
​ 10 3.952048656705509 0.03556843791034958
​ 11 4 0.036
​ 12 3.9914395765236903 0.03592295618871321
​ 13 3.9839429880186072 0.035855486892167464
​ 14 3.9999999999999996 0.036
​ 0 3.7645232627541523 0.09411308156885381
​ 1 3.9999999999999996 0.1
​ 2 3.9740437272982176 0.09935109318245545
​ 3 4 0.1
​ 4 2.4014934685371583 0.06003733671342895
​ 5 4 0.10000000000000002
​ 6 3.986824117989939 0.09967060294974849
​ 7 3.9999999999999996 0.1
​ 8 5.229230457017738 0.13073076142544343
​ 9 3.9138642033123276 0.0978466050828082
​ 10 3.951539631470073 0.09878849078675182
​ 11 4 0.1
​ 12 3.9625276522401216 0.09906319130600305
​ 13 3.9843253629598543 0.09960813407399637
​ 14 3.9999999999999996 0.09999999999999999
​ 0 3.766549565898217 0.05649824348847326
​ 1 4 0.06
​ 2 3.974956445031514 0.05962434667547271
​ 3 4 0.06
​ 4 2.4168492772047587 0.036252739158071375
​ 5 4 0.060000000000000005
​ 6 3.987501057104539 0.05981251585656808
​ 7 4 0.060000000000000005
​ 8 4.749187428607346 0.07123781142911019
​ 9 3.9116093075364637 0.05867413961304695
​ 10 3.951906609020571 0.059278599135308564
​ 11 4 0.06
​ 12 3.9579524952660092 0.05936928742899014
​ 13 3.983752905458899 0.05975629358188348
​ 14 3.9999999999999996 0.05999999999999999
​ 0 3.77148726666146 0.07165825806656774
​ 1 3.9999999999999996 0.076
​ 2 3.9766125747722034 0.07555563892067187
​ 3 4 0.076
​ 4 2.4354788117922204 0.04627409742405219
​ 5 4 0.076
​ 6 3.988866302181065 0.07578845974144023
​ 7 3.9999999999999996 0.076
​ 8 4.2374932183554685 0.0805123711487539
​ 9 3.913938775161477 0.07436483672806807
​ 10 3.9526805261217937 0.07510092999631408
​ 11 3.9999999999999996 0.076
​ 12 3.959832856992259 0.07523682428285292
​ 13 3.982905879835044 0.07567521171686584
​ 14 4 0.076
​ 0 3.7784812790283575 0.05667721918542537
​ 1 3.9999999999999996 0.06
​ 2 3.978654120135401 0.05967981180203101
​ 3 4 0.060000000000000005
​ 4 2.4574435950690243 0.03686165392603537
​ 5 3.9999999999999996 0.05999999999999999
​ 6 3.9902950535031363 0.05985442580254704
​ 7 4 0.06
bird.js:238 8 4 0.06
bird.js:238 9 3.9173237950712805 0.0587598569260692
bird.js:238 10 3.9533256571813404 0.0592998848577201
bird.js:238 11 3.9999999999999996 0.05999999999999999
bird.js:238 12 3.9644475775515335 0.05946671366327299
bird.js:238 13 3.9829473329879876 0.05974420999481981
bird.js:238 14 4.605695717303582 0.06908543575955373
bird.js:238 0 3.800250674761632 0.06080401079618612
bird.js:238 1 4 0.06399999999999999
bird.js:238 2 3.99134454169266 0.06386151266708255
bird.js:238 3 4 0.064
bird.js:238 4 2.4729734451668093 0.03956757512266895
bird.js:238 5 4 0.064
bird.js:238 6 4 0.064
bird.js:238 7 4 0.064
bird.js:238 8 4 0.064
bird.js:238 9 3.943140340527917 0.06309024544844667
bird.js:238 10 3.9649391206145497 0.06343902592983279
bird.js:238 11 4 0.064
bird.js:238 12 3.976700014732657 0.0636272002357225
bird.js:238 13 3.989950352420501 0.06383920563872802
bird.js:238 14 4.367282273192267 0.06987651637107628
bird.js:238 0 3.8121239613587647 0.064806107343099
bird.js:238 1 4 0.068
bird.js:238 2 3.9945715479259545 0.06790771631474123
bird.js:238 3 4 0.068
bird.js:238 4 2.491071719532336 0.04234821923204972
bird.js:238 5 4 0.068
bird.js:238 6 4 0.068
bird.js:238 7 4 0.068
bird.js:238 8 4 0.068
bird.js:238 9 3.9500460689107446 0.06715078317148267
bird.js:238 10 3.967545211106737 0.06744826858881453
bird.js:238 11 3.9999999999999996 0.068
bird.js:238 12 3.9822832837455726 0.06769881582367474
bird.js:238 13 3.9905610904114304 0.06783953853699431
bird.js:238 14 4.166314326800409 0.07082734355560695
bird.js:238 0 3.82091115402334 0.06495548961839678
bird.js:238 1 3.9999999999999996 0.068
bird.js:238 2 3.9955186031840157 0.06792381625412827
bird.js:238 3 4 0.068
bird.js:238 4 2.5114036169094587 0.0426938614874608
bird.js:238 5 4 0.068
bird.js:238 6 4 0.068
bird.js:238 7 4 0.068
bird.js:238 8 4 0.068
bird.js:238 9 3.9518884093787174 0.06718210295943819
bird.js:238 10 3.9679203991052794 0.06745464678478975
bird.js:238 11 4 0.068
bird.js:238 12 3.9859157324355214 0.06776056745140387
bird.js:238 13 3.9896370837506563 0.06782383042376117
bird.js:238 14 4.000695520956602 0.06801182385626225
bird.js:238 0 3.829414062461462 0.0612706249993834
bird.js:238 1 4 0.064
bird.js:238 2 3.9959440670556394 0.06393510507289023
bird.js:238 3 4 0.064
bird.js:238 4 2.533663557625917 0.04053861692201468
bird.js:238 5 4 0.064
bird.js:238 6 4 0.064
bird.js:238 7 4 0.064
bird.js:238 8 3.9999999999999996 0.064
bird.js:238 9 3.952534501679336 0.06324055202686937
bird.js:238 10 3.967850237985469 0.06348560380776751
bird.js:238 11 4 0.064
bird.js:238 12 3.9888020325974063 0.06382083252155851
bird.js:238 13 3.988344112776514 0.06381350580442423
bird.js:238 14 4 0.064
​ 0 3.8388206660474022 0.06142113065675844
​ 1 4.002928371350914 0.06404685394161463
​ 2 3.996500260069332 0.0639440041611093
​ 3 3.9999999999999996 0.064
​ 4 2.557882653785238 0.04092612246056381
​ 5 4 0.064
​ 6 4 0.064
​ 7 4 0.064
​ 8 4 0.064
​ 9 3.953458558768887 0.06325533694030219
​ 10 3.9679709140783617 0.06348753462525379
​ 11 3.9999999999999996 0.064
​ 12 3.991459014984631 0.0638633442397541
​ 13 3.9871731879048804 0.06379477100647808
​ 14 4 0.064
​ 0 3.872625465831513 0.06196200745330421
​ 1 4.0151446287596055 0.06424231406015368
​ 2 4 0.064
​ 3 4 0.064
​ 4 2.5851675314243945 0.041362680502790315
​ 5 3.9999999999999996 0.064
​ 6 4 0.064
​ 7 4 0.064
​ 8 4 0.064
​ 9 3.9326357300365307 0.06292217168058449
​ 10 3.9645819480785645 0.06343331116925703
​ 11 3.9999999999999996 0.06399999999999999
​ 12 3.9934836187131886 0.06389573789941103
​ 13 3.985690685894715 0.06377105097431544
​ 14 3.9999999999999996 0.064
​ 0 3.892591222939576 0.07006664201291236
​ 1 4.03255911023438 0.07258606398421884
​ 2 4 0.072
​ 3 4 0.072
​ 4 2.61402804670989 0.04705250484077801
​ 5 3.9999999999999996 0.07199999999999998
​ 6 3.9999999999999996 0.072
​ 7 4 0.072
​ 8 4 0.072
​ 9 3.9296610916407198 0.07073389964953296
​ 10 3.9646340940340736 0.07136341369261331
​ 11 4 0.072
​ 12 3.99643834554951 0.07193589021989118
​ 13 3.9854111969740593 0.07173740154553307
​ 14 4 0.072
​ 0 3.90779517521928 0.06643251797872778
​ 1 4.053624649009705 0.06891161903316498
​ 2 3.9999999999999996 0.068
​ 3 3.9999999999999996 0.068
​ 4 2.6442841387563862 0.04495283035885857
​ 5 4 0.068
​ 6 4 0.068
​ 7 3.9999999999999996 0.068
​ 8 3.9664361988330414 0.06742941538016171
​ 9 3.9318733756070725 0.06684184738532024
​ 10 3.9658147278750304 0.06741885037387552
​ 11 4 0.068
​ 12 3.9933398795748776 0.06788677795277293
​ 13 3.985475996779326 0.06775309194524855
​ 14 4 0.068
​ 0 3.9215518575788435 0.0627448297212615
​ 1 4.077147836652982 0.06523436538644771
​ 2 4 0.064
​ 3 4 0.064
​ 4 2.675579202754474 0.04280926724407158
​ 5 4 0.064
​ 6 4 0.064
​ 7 3.9999999999999996 0.06399999999999999
​ 8 3.9294664025914416 0.06287146244146306
​ 9 3.935625087445986 0.06297000139913578
​ 10 3.910985616600043 0.0625757698656007
​ 11 4 0.064
​ 12 3.994012261191766 0.06390419617906826
​ 13 3.9847641890194114 0.0637562270243106
​ 14 4 0.064
​ 0 3.9336831834359076 0.07080629730184633
​ 1 4.1061559364094 0.07391080685536919
​ 2 3.9999999999999996 0.072
​ 3 4 0.07200000000000001
​ 4 2.708217509320906 0.04874791516777631
​ 5 4 0.07200000000000001
​ 6 3.9999999999999996 0.072
​ 7 4 0.072
​ 8 3.9256824938669563 0.0706622848896052
​ 9 3.9418237214591896 0.0709528269862654
​ 10 3.9243893894509414 0.07063900901011694
​ 11 3.9848014635001268 0.07172642634300228
​ 12 3.9954309826222514 0.07191775768720052
​ 13 3.9868646573224646 0.07176356383180436
​ 14 4 0.072
​ 0 3.9550082070152235 0.06328013131224357
​ 1 4.129192808356634 0.06606708493370614
​ 2 4 0.064
​ 3 4 0.064
​ 4 2.7376466475882406 0.04380234636141185
​ 5 4.000000000000001 0.064
​ 6 3.9999999999999996 0.064
​ 7 4 0.06400000000000002
​ 8 3.9310103696763523 0.06289616591482164
​ 9 3.949519407293377 0.06319231051669402
​ 10 3.9649991543491065 0.0634399864695857
​ 11 3.87117286907065 0.06193876590513041
​ 12 3.9939828502270105 0.06390372560363217
​ 13 3.9923008112795606 0.06387681298047297
​ 14 4 0.064
​ 0 3.966542251660555 0.06743121827822944
​ 1 4.156319753058168 0.07065743580198885
​ 2 3.9999999999999996 0.06799999999999999
​ 3 4 0.06799999999999999
​ 4 2.767875121142799 0.04705387705942758
​ 5 4 0.068
​ 6 4 0.068
​ 7 4 0.068
​ 8 3.9387974877005045 0.06695955729090858
​ 9 3.957146495621062 0.06727149042555805
​ 10 3.996710395308327 0.06794407672024157
​ 11 3.83051397138267 0.06511873751350539
​ 12 3.9953341336984476 0.06792068027287361
​ 13 3.999999905043188 0.0679999983857342
​ 14 4.003253555611988 0.0680553104454038
bird.js:238 0 3.974769503978213 0.06757108156762963
bird.js:238 1 4.186772864053751 0.07117513868891377
bird.js:238 2 4 0.068
bird.js:238 3 4 0.068
bird.js:238 4 2.798509014126445 0.04757465324014957
bird.js:238 5 4 0.068
bird.js:238 6 4 0.068
bird.js:238 7 3.9999999999999996 0.06799999999999999
bird.js:238 8 3.946568145027402 0.06709165846546584
bird.js:238 9 3.9643629500573225 0.06739417015097449
bird.js:238 10 4.015420875100999 0.06826215487671698
bird.js:238 11 3.8140509652949426 0.06483886641001403
bird.js:238 12 4.003804266169312 0.06806467252487831
bird.js:238 13 4.00955865954977 0.0681624972123461
bird.js:238 14 4.017020487424625 0.06828934828621862
bird.js:238 0 3.9816460123438637 0.06370633619750182
bird.js:238 1 4.219606849993611 0.06751370959989779
bird.js:238 2 4 0.064
bird.js:238 3 4 0.064
bird.js:238 4 2.8291144854033172 0.045265831766453074
bird.js:238 5 4 0.064
bird.js:238 6 3.9999999999999996 0.064
bird.js:238 7 4 0.064
bird.js:238 8 3.953618948901343 0.06325790318242148
bird.js:238 9 3.971123993961665 0.06353798390338664
bird.js:238 10 4.094933857063988 0.0655189417130238
bird.js:238 11 3.806307348325144 0.060900917573202304
bird.js:238 12 4.018065559892994 0.06428904895828791
bird.js:238 13 4 0.064
bird.js:238 14 4.039357450453869 0.0646297192072619
bird.js:238 0 3.987576245199577 0.051838491187594496
bird.js:238 1 4.252298913735198 0.05527988587855757
bird.js:238 2 4 0.052
bird.js:238 3 3.996759542647941 0.05195787405442323
bird.js:238 4 2.8599855335563986 0.03717981193623318
bird.js:238 5 4 0.052
bird.js:238 6 3.9999999999999996 0.052
bird.js:238 7 4 0.052000000000000005
bird.js:238 8 4.317608793535953 0.056128914315967386
bird.js:238 9 3.977289044745232 0.05170475758168801
bird.js:238 10 4 0.052
bird.js:238 11 3.8193440119900197 0.04965147215587025
bird.js:238 12 3.9551757866415644 0.05141728522634033
bird.js:238 13 4 0.052
bird.js:238 14 4.062200915920915 0.05280861190697189
bird.js:238 0 3.983594539119449 0.09162267439974733
bird.js:238 1 4 0.09199999999999998
bird.js:238 2 4 0.09200000000000001
bird.js:238 3 3.8757774402931875 0.08914288112674332
bird.js:238 4 2.894895130292523 0.06658258799672802
bird.js:238 5 4 0.09200000000000001
bird.js:238 6 4 0.092
bird.js:238 7 4 0.09200000000000001
bird.js:238 8 4.093875787645974 0.09415914311585741
bird.js:238 9 3.980582206286017 0.09155339074457838
bird.js:238 10 4 0.092
bird.js:238 11 3.826869096862422 0.0880179892278357
bird.js:238 12 3.947460746954802 0.09079159717996044
bird.js:238 13 3.9999999999999996 0.092
bird.js:238 14 4.085223097849912 0.09396013125054799
bird.js:238 0 3.9869444572867816 0.05581722240201495
bird.js:238 1 3.9999999999999996 0.055999999999999994
bird.js:238 2 3.9999999999999996 0.055999999999999994
bird.js:238 3 3.831715675266538 0.053644019453731526
bird.js:238 4 2.927092722286485 0.040979298112010794
bird.js:238 5 4 0.05600000000000001
bird.js:238 6 4 0.05600000000000001
​ 7 4 0.056
​ 8 4 0.056
​ 9 3.983117248796471 0.05576364148315059
​ 10 4 0.056
​ 11 3.8270142975762838 0.05357820016606797
​ 12 3.9519526573293606 0.05532733720261104
​ 13 4 0.056
​ 14 4.111448111291068 0.057560273558074956
​ 0 3.9912122755046844 0.06785060868357964
​ 1 4 0.068
​ 2 4 0.068
​ 3 3.8136061187341834 0.06483130401848111
​ 4 2.956582692191556 0.05026190576725646
​ 5 4 0.068
​ 6 4 0.068
​ 7 3.9999999999999996 0.06799999999999999
​ 8 3.9999999999999996 0.068
​ 9 3.98523548903206 0.06774900331354503
​ 10 4 0.068
​ 11 3.8253000687958005 0.0650301011695286
​ 12 3.9596821346620046 0.0673145962892541
​ 13 4 0.068
​ 14 4.138262270264293 0.07035045859449299
​ 0 3.995617845792583 0.05993426768688874
​ 1 3.9999999999999996 0.05999999999999999
​ 2 4 0.060000000000000005
​ 3 3.8054831588248312 0.05708224738237247
​ 4 2.983168334818654 0.04474752502227982
​ 5 3.9999999999999996 0.06
​ 6 4 0.06
​ 7 4 0.06
​ 8 4 0.06
​ 9 3.987048861928307 0.05980573292892461
​ 10 4 0.06
​ 11 3.8253091405605897 0.05737963710840885
​ 12 3.9696092630130324 0.05954413894519548
​ 13 4 0.06
​ 14 4.164892672482776 0.06247339008724164
​ 0 4 0.072
​ 1 4.000000000000001 0.07200000000000001
​ 2 3.9999999999999996 0.07199999999999998
​ 3 3.8018305895646667 0.06843295061216399
​ 4 3.0069390036191517 0.054124902065144725
​ 5 4 0.072
​ 6 3.9999999999999996 0.072
​ 7 4 0.072
​ 8 4 0.072
​ 9 3.988593774408288 0.07179468793934918
​ 10 4 0.072
​ 11 3.8261707810918355 0.06887107405965304
​ 12 3.9793232288767153 0.07162781811978088
​ 13 3.9999999999999996 0.072
​ 14 4.189134285759189 0.07540441714366539
​ 0 4 0.064
​ 1 4 0.064
​ 2 4 0.064
​ 3 3.7979071357127734 0.06076651417140438
​ 4 3.024245468154373 0.04838792749046997
​ 5 3.9999999999999996 0.06399999999999999
​ 6 4 0.064
​ 7 3.9999999999999996 0.064
​ 8 4 0.064
​ 9 3.9999999999999996 0.064
​ 10 4 0.064
​ 11 3.809210818769465 0.06094737310031144
​ 12 3.986381446215155 0.06378210313944248
​ 13 3.9999999999999996 0.06399999999999999
​ 14 4.2133594248058595 0.06741375079689375
​ 0 3.9999999999999996 0.06799999999999999
​ 1 3.9999999999999996 0.06799999999999999
​ 2 4 0.068
​ 3 3.799182364604735 0.0645861001982805
​ 4 3.6435004316320856 0.06193950733774546
​ 5 4 0.068
​ 6 4 0.068
​ 7 3.9999999999999996 0.06799999999999999
​ 8 3.9999999999999996 0.06799999999999999
​ 9 4 0.068
​ 10 4 0.068
​ 11 3.8018814529497384 0.06463198470014557
​ 12 3.9922538101586 0.06786831477269621
​ 13 4 0.068
​ 14 4.239144971363227 0.07206546451317486
​ 0 4 0.068
​ 1 4 0.068
​ 2 4 0.06799999999999999
​ 3 3.8044119245630856 0.06467500271757247
​ 4 3.907548811234112 0.06642832979097991
​ 5 4 0.068
​ 6 4 0.068
​ 7 3.9999999999999996 0.06799999999999999
bird.js:238 8 4 0.068
bird.js:238 9 4.004847237991149 0.06808240304584955
bird.js:238 10 4 0.068
bird.js:238 11 3.7976981038492705 0.06456086776543761
bird.js:238 12 3.9971133381957538 0.06795092674932782
bird.js:238 13 4.42879909950894 0.07528958469165199
bird.js:238 14 4.2601079008658695 0.0724218343147198
bird.js:238 0 4.014286299479044 0.06824286709114376
bird.js:238 1 4 0.06800000000000002
bird.js:238 2 3.999999999999999 0.06799999999999999
bird.js:238 3 3.8132662339124446 0.06482552597651156
bird.js:238 4 3.9859605800358207 0.06776132986060895
bird.js:238 5 4 0.068
bird.js:238 6 3.9999999999999996 0.06799999999999999
bird.js:238 7 3.9999999999999996 0.068
bird.js:238 8 4 0.068
bird.js:238 9 4.013763581632407 0.06823398088775093
bird.js:238 10 4 0.068
bird.js:238 11 3.801389474981371 0.06462362107468332
bird.js:238 12 4.549663979878829 0.0773442876579401
bird.js:238 13 4.281583530256784 0.07278692001436533
bird.js:238 14 4.271803508306803 0.07262065964121565
bird.js:238 0 4.024883253123411 0.06842301530309798
bird.js:238 1 4 0.068
bird.js:238 2 4 0.068
bird.js:238 3 3.8437609145578637 0.06534393554748369
bird.js:238 4 4 0.068
bird.js:238 5 4 0.068
bird.js:238 6 4 0.068
bird.js:238 7 3.9999999999999996 0.068
bird.js:238 8 4 0.068
bird.js:238 9 4.025743754278366 0.06843764382273224
bird.js:238 10 3.9999999999999996 0.068
bird.js:238 11 3.8141229587844907 0.06484009029933635
bird.js:238 12 4.288181347794351 0.07289908291250398
bird.js:238 13 4.152510441838907 0.07059267751126143
bird.js:238 14 4.281891343716007 0.07279215284317213
bird.js:238 0 4.048273865221051 0.06477238184353683
bird.js:238 1 4 0.064
bird.js:238 2 4 0.064
bird.js:238 3 3.864646750895327 0.061834348014325226
bird.js:238 4 3.9999999999999996 0.064
bird.js:238 5 3.9999999999999996 0.064
bird.js:238 6 4 0.064
bird.js:238 7 3.9999999999999996 0.064
bird.js:238 8 4.001822119792384 0.06402915391667814
bird.js:238 9 4.040737265405024 0.06465179624648039
bird.js:238 10 4 0.064
bird.js:238 11 3.81836757947234 0.06109388127155744
bird.js:238 12 4.065432117214023 0.06504691387542437
bird.js:238 13 4.039887383287221 0.06463819813259554
bird.js:238 14 5.3300444729846115 0.08528071156775378
bird.js:238 0 4.0680921456245525 0.04474901360187007
bird.js:238 1 4.000633723621057 0.04400697095983163
bird.js:238 2 3.9999999999999996 0.04399999999999999
bird.js:238 3 3.8999999122364453 0.0428999990346009
bird.js:238 4 4 0.044000000000000004
bird.js:238 5 4 0.04399999999999999
bird.js:238 6 4 0.044
bird.js:238 7 4 0.044
bird.js:238 8 4.00844800044528 0.04409292800489808
bird.js:238 9 4.057265950986413 0.044629925460850546
bird.js:238 10 4 0.044
bird.js:238 11 3.8319715516261006 0.042151687067887106
bird.js:238 12 4 0.044000000000000004
bird.js:238 13 4 0.044
bird.js:238 14 5.102055265973255 0.056122607925705795
​ 0 4.077332999940222 0.08970132599868488
​ 1 4.019770018899502 0.08843494041578903
​ 2 4 0.08800000000000001
​ 3 3.9231712797283733 0.0863097681540242
​ 4 3.9999999999999996 0.088
​ 5 4 0.088
​ 6 4 0.08800000000000001
​ 7 4 0.088
​ 8 4.016510685490342 0.08836323508078754
​ 9 4.074873648416321 0.08964722026515905
​ 10 3.9999999999999996 0.088
​ 11 3.838634017860767 0.08444994839293687
​ 12 4 0.088
​ 13 4 0.088
​ 14 4.90072241985907 0.10781589323689954
​ 0 4.096768183037713 0.05735475456252798
​ 1 4.053325798033112 0.05674656117246356
​ 2 4 0.05600000000000001
​ 3 3.9426399382991972 0.055196959136188765
​ 4 4 0.05600000000000001
​ 5 3.9999999999999996 0.056
​ 6 3.9999999999999996 0.056
​ 7 4.658440178057378 0.0652181624928033
​ 8 4.02618502017177 0.056366590282404774
​ 9 4.093033758857351 0.057302472624002926
​ 10 3.9999999999999996 0.056
​ 11 3.8527332627566575 0.0539382656785932
​ 12 3.9999999999999996 0.055999999999999994
​ 13 3.9999999999999996 0.055999999999999994
​ 14 4.737992860043681 0.06633190004061155
​ 0 4 0.04800000000000001
​ 1 4.115465163501349 0.04938558196201618
​ 2 3.9999999999999996 0.047999999999999994
​ 3 3.960475806824315 0.04752570968189178
​ 4 3.9999999999999996 0.047999999999999994
​ 5 4 0.048
​ 6 4 0.048
​ 7 4.450436676781115 0.05340524012137339
​ 8 4.038730815863539 0.048464769790362475
​ 9 4.111496472206673 0.04933795766648007
​ 10 3.9999999999999996 0.048
​ 11 3.8627667283342024 0.046353200740010425
​ 12 3.9999999999999996 0.047999999999999994
​ 13 4 0.04800000000000001
​ 14 4.597454756412412 0.055169457076948945
​ 0 3.9999999999999996 0.047999999999999994
​ 1 4.181558182067747 0.050178698184812964
​ 2 4 0.047999999999999994
​ 3 3.975118888738118 0.04770142666485742
​ 4 3.9999999999999996 0.047999999999999994
​ 5 4 0.047999999999999994
​ 6 4 0.048
​ 7 4.23116906649697 0.050774028797963645
​ 8 4 0.048
​ 9 4 0.04800000000000001
​ 10 4 0.048
​ 11 3.9000259173170115 0.046800311007804136
​ 12 4 0.048
​ 13 4 0.04800000000000001
​ 14 4.088195847783496 0.04905835017340195
​ 0 3.9999999999999996 0.076
​ 1 4.255547298530682 0.08085539867208295
​ 2 3.9999999999999996 0.076
​ 3 3.9879473258366156 0.0757709991908957
​ 4 3.9999999999999996 0.076
​ 5 4 0.076
​ 6 3.9999999999999996 0.076
​ 7 4.027345359707839 0.07651956183444893
​ 8 4 0.076
​ 9 4 0.076
​ 10 3.9999999999999996 0.07599999999999998
​ 11 3.922117423851311 0.0745202310531749
​ 12 3.9999999999999996 0.07599999999999998
​ 13 3.9999999999999996 0.07599999999999998
​ 14 4 0.076
​ 0 4 0.06
​ 1 4.335915637310977 0.06503873455966465
​ 2 4 0.06
​ 3 3.9993604239122256 0.05999040635868338
​ 4 4 0.060000000000000005
​ 5 4 0.06
​ 6 4 0.060000000000000005
​ 7 3.9999999999999996 0.06
​ 8 4 0.06
​ 9 4 0.05999999999999999
​ 10 4 0.060000000000000005
​ 11 3.9405742293344677 0.05910861344001701
​ 12 3.9999999999999996 0.06
​ 13 4 0.06
​ 14 4 0.060000000000000005
​ 0 3.9511742268808696 0.06321878763009392
​ 1 4.165112531871353 0.06664180050994165
​ 2 4 0.064
​ 3 3.9999999999999996 0.064
​ 4 3.9999999999999996 0.064
​ 5 4 0.064
​ 6 4 0.064
​ 7 4 0.064
​ 8 3.9999999999999996 0.064
​ 9 4 0.064
​ 10 3.9999999999999996 0.064
​ 11 3.9589722230350746 0.0633435555685612
​ 12 4 0.064
​ 13 4 0.064
​ 14 3.9999999999999996 0.064
​ 0 3.9195791427938027 0.06663284542749465
​ 1 4.0340517202105595 0.06857887924357951
​ 2 3.9999999999999996 0.068
​ 3 4 0.06800000000000002
​ 4 4 0.068
​ 5 4 0.068
​ 6 4 0.068
​ 7 4 0.068
​ 8 4 0.068
​ 9 3.9999999999999996 0.06799999999999999
​ 10 4 0.06799999999999999
​ 11 3.976720231313004 0.06760424393232106
​ 12 4 0.068
​ 13 3.9999999999999996 0.068
​ 14 4 0.06799999999999999
​ 0 3.9172098633106645 0.06267535781297062
​ 1 4 0.064
​ 2 3.9999999999999996 0.064
​ 3 4 0.064
​ 4 4 0.064
​ 5 4 0.064
​ 6 3.9999999999999996 0.064
​ 7 3.9999999999999996 0.06399999999999999
bird.js:238 8 3.9999999999999996 0.06399999999999999
bird.js:238 9 4 0.064
bird.js:238 10 4 0.064
bird.js:238 11 3.971047122001947 0.06353675395203115
bird.js:238 12 4 0.064
bird.js:238 13 4 0.064
bird.js:238 14 4 0.064
bird.js:238 0 3.9173832641302666 0.06659551549021454
bird.js:238 1 4 0.06799999999999999
bird.js:238 2 4 0.068
bird.js:238 3 4.003269176289401 0.06805557599691982
bird.js:238 4 3.9999999999999996 0.068
bird.js:238 5 4 0.06799999999999999
bird.js:238 6 3.9999999999999996 0.06799999999999999
bird.js:238 7 4 0.068
bird.js:238 8 4 0.068
bird.js:238 9 4 0.068
bird.js:238 10 4 0.06799999999999999
bird.js:238 11 3.9853002753905944 0.06775010468164011
bird.js:238 12 3.9999999999999996 0.06799999999999999
bird.js:238 13 4 0.068
bird.js:238 14 3.9999999999999996 0.068
bird.js:238 0 3.9180899525319566 0.090116068908235
bird.js:238 1 4 0.09200000000000001
bird.js:238 2 4 0.092
bird.js:238 3 4.034705182726671 0.09279821920271343
bird.js:238 4 4 0.092
bird.js:238 5 3.9999999999999996 0.092
bird.js:238 6 3.9999999999999996 0.09199999999999998
bird.js:238 7 3.9999999999999996 0.09199999999999998
bird.js:238 8 3.9999999999999996 0.092
bird.js:238 9 3.9999999999999996 0.092
bird.js:238 10 3.9999999999999996 0.092
bird.js:238 11 4 0.092
bird.js:238 12 3.9999999999999996 0.092
bird.js:238 13 4 0.09200000000000001
bird.js:238 14 4 0.092
bird.js:238 0 3.919183798819555 0.08622204357403021
bird.js:238 1 3.9999999999999996 0.088
bird.js:238 2 4 0.088
bird.js:238 3 4.090022172140243 0.08998048778708534
bird.js:238 4 4 0.088
bird.js:238 5 4 0.088
bird.js:238 6 4 0.088
bird.js:238 7 4 0.08800000000000001
bird.js:238 8 4 0.08800000000000001
bird.js:238 9 4 0.088
bird.js:238 10 3.9999999999999996 0.08799999999999998
bird.js:238 11 4 0.088
bird.js:238 12 4 0.088
bird.js:238 13 4 0.088
bird.js:238 14 4 0.08800000000000001
bird.js:238 0 3.920367895831483 0.05488515054164077
bird.js:238 1 4 0.056
bird.js:238 2 4 0.056
bird.js:238 3 4.164660233162076 0.05830524326426907
bird.js:238 4 4 0.056
bird.js:238 5 3.9999999999999996 0.056
bird.js:238 6 4 0.05600000000000001
bird.js:238 7 4 0.056
bird.js:238 8 4.0178174253677215 0.0562494439551481
bird.js:238 9 4.000000000000001 0.05600000000000001
bird.js:238 10 4 0.056
bird.js:238 11 4 0.05600000000000001
bird.js:238 12 4 0.056
bird.js:238 13 4 0.056
bird.js:238 14 4 0.056
​ 0 3.917264703761666 0.07834529407523333
​ 1 3.9999999999999996 0.08
​ 2 3.9999999999999996 0.07999999999999999
​ 3 4.212806235896875 0.0842561247179375
​ 4 4 0.08
​ 5 4 0.08
​ 6 4 0.08
​ 7 4 0.08
​ 8 4.018028533002718 0.08036057066005435
​ 9 4 0.08
​ 10 3.991328041768886 0.07982656083537772
​ 11 4 0.08
​ 12 3.9999999999999996 0.07999999999999999
​ 13 4 0.08
​ 14 4 0.08
​ 0 3.9169982112862973 0.04700397853543557
​ 1 4.000000000000001 0.04800000000000001
​ 2 3.946237499392227 0.04735484999270673
​ 3 4.26935745472281 0.05123228945667372
​ 4 4 0.04800000000000001
​ 5 4 0.048
​ 6 3.9999999999999996 0.047999999999999994
​ 7 4 0.04800000000000001
​ 8 4.042628815015878 0.04851154578019054
​ 9 4 0.04800000000000001
​ 10 3.981624006042446 0.047779488072509355
​ 11 3.9999999999999996 0.048
​ 12 4 0.048
​ 13 3.9999999999999996 0.047999999999999994
​ 14 4 0.048
​ 0 3.9184786476579503 0.08228805160081697
​ 1 4 0.084
​ 2 3.8902416600626424 0.08169507486131548
​ 3 5.487350705559068 0.11523436481674043
​ 4 3.9999999999999996 0.084
​ 5 4 0.084
​ 6 4 0.084
​ 7 3.9999999999999996 0.084
​ 8 4.082703764251175 0.0857367790492747
​ 9 4 0.084
​ 10 3.9911669610376306 0.08381450618179025
​ 11 4 0.084
​ 12 3.9999999999999996 0.084
​ 13 4 0.084
​ 14 4 0.084
​ 0 3.9362554386799493 0.0629800870188792
​ 1 4 0.064
​ 2 3.889257376395393 0.062228118022326286
​ 3 5.346898914279827 0.08555038262847724
​ 4 4 0.064
​ 5 3.9999999999999996 0.06399999999999999
​ 6 4 0.064
​ 7 4 0.064
bird.js:238 8 4.1588017295643125 0.066540827673029
bird.js:238 9 3.9999999999999996 0.064
bird.js:238 10 3.9906578465988876 0.06385052554558221
bird.js:238 11 4.010674223381116 0.06417078757409786
bird.js:238 12 3.9999999999999996 0.06399999999999999
bird.js:238 13 4 0.064
bird.js:238 14 4 0.064
bird.js:238 0 3.9419714245670625 0.06701351421764007
bird.js:238 1 4 0.06799999999999999
bird.js:238 2 3.891138856788088 0.0661493605653975
bird.js:238 3 5.237778100718062 0.08904222771220706
bird.js:238 4 3.9999999999999996 0.068
bird.js:238 5 3.9999999999999996 0.068
bird.js:238 6 4 0.068
bird.js:238 7 4 0.068
bird.js:238 8 4.242451168566696 0.07212166986563383
bird.js:238 9 4 0.068
bird.js:238 10 3.9876149063069812 0.06778945340721867
bird.js:238 11 4.04346573039573 0.06873891741672741
bird.js:238 12 3.9999999999999996 0.06799999999999999
bird.js:238 13 4 0.068
bird.js:238 14 4.005042924212956 0.06808572971162026
bird.js:238 0 3.948912662303352 0.06713151525915699
bird.js:238 1 3.9999999999999996 0.068
bird.js:238 2 3.887393132785082 0.0660856832573464
bird.js:238 3 5.186964285429748 0.08817839285230572
bird.js:238 4 3.9999999999999996 0.06799999999999999
bird.js:238 5 3.9999999999999996 0.068
bird.js:238 6 4 0.068
bird.js:238 7 3.9999999999999996 0.06799999999999999
bird.js:238 8 4.334349389132132 0.07368393961524626
bird.js:238 9 4 0.068
bird.js:238 10 3.983266055265894 0.0677155229395202
bird.js:238 11 4.129382128748273 0.07019949618872064
bird.js:238 12 3.9999999999999996 0.06799999999999999
bird.js:238 13 4 0.06800000000000002
bird.js:238 14 4.082792673976342 0.06940747545759782
bird.js:238 0 3.9525644954655332 0.03952564495465533
bird.js:238 1 4 0.04
bird.js:238 2 3.9022734741036316 0.03902273474103631
bird.js:238 3 5.171332158657155 0.051713321586571555
bird.js:238 4 4 0.04000000000000001
bird.js:238 5 4 0.039999999999999994
bird.js:238 6 3.9999999999999996 0.04
bird.js:238 7 4 0.04
bird.js:238 8 4.171546425505658 0.04171546425505658
bird.js:238 9 4 0.04
bird.js:238 10 3.9808603959690063 0.03980860395969006
bird.js:238 11 4.229801627972501 0.042298016279725015
bird.js:238 12 3.9999999999999996 0.04
bird.js:238 13 3.9999999999999996 0.039999999999999994
bird.js:238 14 4.1808986187212245 0.041808986187212245
bird.js:238 0 3.9544695768357796 0.18586007011128164
bird.js:238 1 4 0.188
bird.js:238 2 3.9279161787446 0.1846120604009962
bird.js:238 3 5.184141459051251 0.2436546485754088
bird.js:238 4 4 0.188
bird.js:238 5 4 0.18800000000000003
bird.js:238 6 4 0.188
bird.js:238 7 4 0.188
bird.js:238 8 4.040400610458461 0.18989882869154764
bird.js:238 9 4 0.188
bird.js:238 10 3.9792597514981884 0.18702520832041486
bird.js:238 11 4.342209846937383 0.204083862806057
bird.js:238 12 3.999999999999999 0.18799999999999997
bird.js:238 13 4 0.18799999999999997
bird.js:238 14 4.291074842181455 0.2016805175825284
​ 0 3.9556286483597907 0.0830682016155556
​ 1 4 0.084
​ 2 3.9578631035402556 0.08311512517434537
​ 3 5.187826537219702 0.10894435728161375
​ 4 4 0.084
​ 5 4 0.084
​ 6 3.9999999999999996 0.084
​ 7 3.9999999999999996 0.084
​ 8 3.9999999999999996 0.084
​ 9 3.9999999999999996 0.084
​ 10 3.978672937799736 0.08355213169379447
​ 11 4.4551019906621985 0.09355714180390617
​ 12 4 0.084
​ 13 4 0.084
​ 14 4.047554979622895 0.0849986545720808
​ 0 3.9552730767313333 0.09097128076482067
​ 1 3.9999999999999996 0.09199999999999998
​ 2 3.9881378034387334 0.09172716947909086
​ 3 4.745651076734805 0.10914997476490051
​ 4 4 0.092
​ 5 4 0.09200000000000001
​ 6 3.9999999999999996 0.092
​ 7 3.9999999999999996 0.09199999999999998
​ 8 5.389279572287771 0.12395343016261874
​ 9 4 0.09200000000000001
​ 10 3.996292861551124 0.09191473581567586
​ 11 4.5587261610733 0.1048507017046859
​ 12 4 0.092
​ 13 3.9999999999999996 0.09199999999999998
​ 14 3.9999999999999996 0.09199999999999998
​ 0 3.9709047805836573 0.06353447648933852
​ 1 3.9999999999999996 0.06399999999999999
​ 2 4 0.064
​ 3 4.3536145679345895 0.06965783308695345
​ 4 3.9999999999999996 0.064
​ 5 4 0.06400000000000002
​ 6 3.9999999999999996 0.06399999999999999
​ 7 4 0.064
​ 8 5.086597933796883 0.08138556694075014
​ 9 4 0.064
​ 10 4 0.06400000000000002
​ 11 4.656220751521205 0.07449953202433927
​ 12 3.9999999999999996 0.06399999999999999
​ 13 4.121900223899535 0.06595040358239256
​ 14 4 0.064
​ 0 3.9793873257400674 0.06764958453758114
​ 1 4 0.068
​ 2 3.9999999999999996 0.06799999999999999
​ 3 4 0.068
​ 4 4 0.068
​ 5 4 0.068
​ 6 3.9999999999999996 0.06799999999999999
​ 7 4 0.068
bird.js:238 8 4.836462810396304 0.08221986777673718
bird.js:238 9 4.345653912894793 0.07387611651921148
bird.js:238 10 4 0.068
bird.js:238 11 4.744913393215538 0.08066352768466416
bird.js:238 12 4 0.068
bird.js:238 13 4 0.068
bird.js:238 14 4 0.06799999999999999
bird.js:238 0 3.9869528742042837 0.06777819886147284
bird.js:238 1 4 0.06800000000000002
bird.js:238 2 4 0.068
bird.js:238 3 4 0.068
bird.js:238 4 4 0.068
bird.js:238 5 4 0.068
bird.js:238 6 4 0.068
bird.js:238 7 4 0.068
bird.js:238 8 4.62363433009385 0.07860178361159545
bird.js:238 9 4.228387601591437 0.07188258922705443
bird.js:238 10 4.000000000000001 0.06800000000000002
bird.js:238 11 4.831358964677166 0.08213310239951184
bird.js:238 12 3.9999999999999996 0.068
bird.js:238 13 4 0.068
bird.js:238 14 3.9999999999999996 0.06799999999999999
bird.js:238 0 3.989183216015202 0.04388101537616722
bird.js:238 1 4 0.044
bird.js:238 2 4 0.044000000000000004
bird.js:238 3 4 0.044000000000000004
bird.js:238 4 4 0.044000000000000004
bird.js:238 5 4 0.044
bird.js:238 6 4 0.044
bird.js:238 7 4 0.044000000000000004
bird.js:238 8 4.439000078797627 0.048829000866773886
bird.js:238 9 4.122961370716793 0.045352575077884726
bird.js:238 10 3.9999999999999996 0.044
bird.js:238 11 4.8705617821110065 0.05357617960322107
bird.js:238 12 4 0.044000000000000004
bird.js:238 13 3.9999999999999996 0.044
bird.js:238 14 4 0.044
bird.js:238 0 3.9901572137912305 0.08778345870340706
bird.js:238 1 4 0.08800000000000001
bird.js:238 2 4.046059249271944 0.08901330348398277
bird.js:238 3 3.9999999999999996 0.088
bird.js:238 4 4 0.08800000000000001
bird.js:238 5 3.9999999999999996 0.088
bird.js:238 6 4 0.088
bird.js:238 7 4 0.088
bird.js:238 8 4.279478386723407 0.09414852450791496
bird.js:238 9 4.027940948646393 0.08861470087022064
bird.js:238 10 3.9999999999999996 0.08799999999999998
bird.js:238 11 4.90954827487257 0.10801006204719653
bird.js:238 12 3.9999999999999996 0.088
bird.js:238 13 4 0.088
bird.js:238 14 3.9999999999999996 0.08799999999999998
bird.js:238 0 3.980523147769048 0.05970784721653572
bird.js:238 1 4 0.06
bird.js:238 2 4.15370878102972 0.0623056317154458
bird.js:238 3 4 0.06
bird.js:238 4 4 0.06
bird.js:238 5 3.9999999999999996 0.06
bird.js:238 6 3.9999999999999996 0.05999999999999999
bird.js:238 7 4 0.060000000000000005
bird.js:238 8 4.144881192490544 0.06217321788735817
bird.js:238 9 3.9999999999999996 0.06
bird.js:238 10 3.9999999999999996 0.05999999999999999
bird.js:238 11 4.475098055168582 0.06712647082752872
bird.js:238 12 4 0.06
bird.js:238 13 4 0.06
bird.js:238 14 4 0.06
​ 0 3.9807161421180597 0.07165289055812506
​ 1 4 0.07200000000000001
​ 2 4.286175003475663 0.07715115006256193
​ 3 4 0.07199999999999998
​ 4 3.9999999999999996 0.072
​ 5 3.9999999999999996 0.072
​ 6 4 0.07200000000000001
​ 7 3.9999999999999996 0.072
​ 8 4.034247497778223 0.072616454960008
​ 9 4 0.072
​ 10 3.9999999999999996 0.072
​ 11 4.081120523255419 0.07346016941859752
​ 12 4 0.072
​ 13 3.9999999999999996 0.072
​ 14 3.9999999999999996 0.072
​ 0 3.9834839433995546 0.07170271098119198
​ 1 3.9999999999999996 0.07199999999999998
​ 2 4.434954254118915 0.07982917657414046
​ 3 3.9999999999999996 0.072
​ 4 4 0.072
​ 5 4 0.07200000000000001
​ 6 4 0.072
​ 7 4 0.072
​ 8 4 0.07200000000000001
​ 9 4 0.072
​ 10 3.9999999999999996 0.072
​ 11 4 0.072
​ 12 4 0.07200000000000001
​ 13 4 0.072
​ 14 4 0.072
​ 0 3.986892714631702 0.06777717614873893
​ 1 4 0.06799999999999999
​ 2 4.593415465437135 0.07808806291243131
​ 3 4 0.068
​ 4 3.9999999999999996 0.06799999999999999
​ 5 4.102190643994286 0.06973724094790286
​ 6 4 0.068
​ 7 4 0.068
​ 8 4 0.068
​ 9 4 0.068
​ 10 4 0.068
​ 11 4 0.06800000000000002
​ 12 4 0.068
​ 13 4 0.068
​ 14 4 0.068
​ 0 3.9906192232248507 0.06384990757159761
​ 1 3.9999999999999996 0.064
​ 2 4.756576049984796 0.07610521679975674
​ 3 3.9999999999999996 0.064
​ 4 4 0.064
​ 5 4 0.064
​ 6 4 0.064
​ 7 4 0.064
​ 8 4 0.064
​ 9 4 0.064
​ 10 4 0.064
​ 11 4 0.064
​ 12 3.9999999999999996 0.064
​ 13 4 0.064
bird.js:238 14 3.9999999999999996 0.064
bird.js:238 0 3.9996150280064224 0.05999422542009634
bird.js:238 1 4 0.06
bird.js:238 2 4.94156247023046 0.0741234370534569
bird.js:238 3 4 0.06
bird.js:238 4 4 0.06
bird.js:238 5 4 0.06
bird.js:238 6 4 0.06
bird.js:238 7 4 0.06
bird.js:238 8 3.9999999999999996 0.05999999999999999
bird.js:238 9 4 0.060000000000000005
bird.js:238 10 4 0.06
bird.js:238 11 4 0.06
bird.js:238 12 4 0.06
bird.js:238 13 4 0.06
bird.js:238 14 4 0.060000000000000005
bird.js:238 0 3.9999999999999996 0.055999999999999994
bird.js:238 1 4 0.05600000000000001
bird.js:238 2 5.124833882439434 0.07174767435415207
bird.js:238 3 4 0.056
bird.js:238 4 4 0.05600000000000001
bird.js:238 5 4 0.05600000000000001
bird.js:238 6 3.9999999999999996 0.055999999999999994
bird.js:238 7 4 0.05600000000000001
bird.js:238 8 3.9999999999999996 0.056
bird.js:238 9 4 0.056
bird.js:238 10 4 0.05600000000000001
bird.js:238 11 4 0.056
bird.js:238 12 4 0.056
bird.js:238 13 4 0.056
bird.js:238 14 4 0.056
bird.js:238 0 3.9999999999999996 0.08
bird.js:238 1 4 0.08000000000000002
bird.js:238 2 5.2918527457845626 0.10583705491569126
bird.js:238 3 3.9999999999999996 0.08
bird.js:238 4 4 0.08
bird.js:238 5 4 0.08
bird.js:238 6 3.9999999999999996 0.08
bird.js:238 7 4 0.08000000000000002
bird.js:238 8 4 0.08000000000000002
bird.js:238 9 4 0.08
bird.js:238 10 4 0.08
bird.js:238 11 4 0.08
bird.js:238 12 4.002068773901615 0.0800413754780323
bird.js:238 13 3.9999999999999996 0.08
bird.js:238 14 3.9999999999999996 0.08
bird.js:238 0 3.9999999999999996 0.036
bird.js:238 1 4 0.036000000000000004
bird.js:238 2 5.446396422659854 0.049017567803938684
bird.js:238 3 3.9999999999999996 0.03599999999999999
bird.js:238 4 4 0.036
bird.js:238 5 3.9999999999999996 0.03599999999999999
bird.js:238 6 4 0.036
bird.js:238 7 4 0.036000000000000004
bird.js:238 8 3.9999999999999996 0.03599999999999999
bird.js:238 9 4 0.036
bird.js:238 10 3.9999999999999996 0.036
bird.js:238 11 4 0.036000000000000004
bird.js:238 12 4 0.036000000000000004
bird.js:238 13 3.9999999999999996 0.03599999999999999
bird.js:238 14 3.9999999999999996 0.03599999999999999
bird.js:238 0 3.9999999999999996 0.076
bird.js:238 1 3.9999999999999996 0.07599999999999998
bird.js:238 2 5.544173235039874 0.1053392914657576
bird.js:238 3 4 0.076
bird.js:238 4 4 0.076
bird.js:238 5 4 0.076
​ 6 3.9999999999999996 0.076
​ 7 4 0.076
​ 8 3.9999999999999996 0.076
​ 9 4 0.076
​ 10 3.9999999999999996 0.07599999999999998
​ 11 4 0.076
​ 12 3.9999999999999996 0.076
​ 13 4 0.076
​ 14 3.9999999999999996 0.076
​ 0 4 0.04800000000000001
​ 1 3.9999999999999996 0.048
​ 2 5.229542933140584 0.06275451519768702
​ 3 3.9999999999999996 0.048
​ 4 4 0.047999999999999994
​ 5 4 0.047999999999999994
​ 6 4 0.048
​ 7 4 0.04800000000000001
​ 8 3.9999999999999996 0.048
​ 9 4 0.048
​ 10 3.9999999999999996 0.047999999999999994
​ 11 4 0.048
​ 12 4.009651670779958 0.048115820049359485
​ 13 4 0.04800000000000001
​ 14 4 0.048
​ 0 3.9999999999999996 0.10799999999999998
​ 1 3.9999999999999996 0.10799999999999998
​ 2 4.951578478294405 0.1336926189139489
​ 3 4 0.108
​ 4 4 0.108
​ 5 3.9999999999999996 0.10799999999999998
​ 6 4 0.108
​ 7 4 0.108
​ 8 4 0.108
​ 9 4 0.108
​ 10 3.9999999999999996 0.10799999999999998
​ 11 3.9999999999999996 0.10799999999999998
​ 12 4.0539468986117315 0.10945656626251674
​ 13 4 0.108
​ 14 3.9999999999999996 0.108
​ 0 4 0.064
​ 1 3.9999999999999996 0.06399999999999999
​ 2 4.708810905606822 0.07534097448970915
​ 3 4 0.064
​ 4 4 0.064
​ 5 4 0.064
​ 6 4 0.064
​ 7 4 0.064
bird.js:238 8 3.9999999999999996 0.064
bird.js:238 9 4 0.064
bird.js:238 10 4 0.064
bird.js:238 11 3.9999999999999996 0.064
bird.js:238 12 4.020783935695903 0.06433254297113446
bird.js:238 13 4 0.06400000000000002
bird.js:238 14 3.9999999999999996 0.064
bird.js:238 0 4 0.068
bird.js:238 1 4 0.068
bird.js:238 2 4.49678519136707 0.0764453482532402
bird.js:238 3 4 0.068
bird.js:238 4 4 0.068
bird.js:238 5 4 0.068
bird.js:238 6 4 0.068
bird.js:238 7 4 0.06799999999999999
bird.js:238 8 4 0.068
bird.js:238 9 4 0.06799999999999999
bird.js:238 10 4 0.068
bird.js:238 11 4 0.068
bird.js:238 12 3.9999999999999996 0.06799999999999999
bird.js:238 13 3.9999999999999996 0.068
bird.js:238 14 4.000169009424251 0.06800287316021228
bird.js:238 0 4 0.068
bird.js:238 1 3.9999999999999996 0.06799999999999999
bird.js:238 2 4.313875742194191 0.07333588761730125
bird.js:238 3 4 0.068
bird.js:238 4 4 0.068
bird.js:238 5 4 0.068
bird.js:238 6 4.000794123656885 0.06801350010216706
bird.js:238 7 4 0.068
bird.js:238 8 4 0.068
bird.js:238 9 3.9999999999999996 0.068
bird.js:238 10 4 0.06799999999999999
bird.js:238 11 3.9999999999999996 0.068
bird.js:238 12 4 0.06799999999999999
bird.js:238 13 3.9999999999999996 0.06799999999999999
bird.js:238 14 4.001848454626344 0.06803142372864786
bird.js:238 0 4 0.06
bird.js:238 1 3.9999999999999996 0.06
bird.js:238 2 4.118103209769038 0.06177154814653558
bird.js:238 3 4 0.06
bird.js:238 4 3.9999999999999996 0.05999999999999999
bird.js:238 5 4 0.06
bird.js:238 6 3.9999999999999996 0.05999999999999999
bird.js:238 7 4 0.06
bird.js:238 8 4.001449310182547 0.060021739652738215
bird.js:238 9 4 0.060000000000000005
bird.js:238 10 4 0.06
bird.js:238 11 4 0.06
bird.js:238 12 4 0.060000000000000005
bird.js:238 13 3.9999999999999996 0.06
bird.js:238 14 4.005029107919283 0.06007543661878923
bird.js:238 0 4 0.072
bird.js:238 1 4 0.072
bird.js:238 2 4 0.072
bird.js:238 3 4 0.07200000000000001
bird.js:238 4 4 0.072
bird.js:238 5 3.9999999999999996 0.07199999999999998
bird.js:238 6 4 0.072
bird.js:238 7 3.9999999999999996 0.072
bird.js:238 8 4.00364607807405 0.0720656294053329
bird.js:238 9 4 0.072
bird.js:238 10 4 0.072
bird.js:238 11 4 0.072
bird.js:238 12 3.9999999999999996 0.072
bird.js:238 13 4 0.072
bird.js:238 14 4.008040998389435 0.07214473797100984
​ 0 4 0.048
​ 1 4 0.048
​ 2 4 0.047999999999999994
​ 3 4 0.048
​ 4 4 0.048
​ 5 4 0.04800000000000001
​ 6 4 0.04800000000000001
​ 7 4 0.04800000000000001
​ 8 4.006493926169297 0.04807792711403156
​ 9 3.9999999999999996 0.048
​ 10 4 0.048
​ 11 4 0.04800000000000001
​ 12 4 0.048
​ 13 4 0.047999999999999994
​ 14 4.011553553869097 0.04813864264642916
​ 0 4 0.064
​ 1 4 0.064
​ 2 4 0.06400000000000002
​ 3 4 0.064
​ 4 4 0.064
​ 5 4 0.064
​ 6 4 0.064
​ 7 4 0.064
​ 8 4 0.064
​ 9 4 0.064
​ 10 3.9999999999999996 0.064
​ 11 4 0.064
​ 12 3.9999999999999996 0.064
​ 13 4 0.064
​ 14 4.014515973213092 0.06423225557140948
​ 0 4 0.092
​ 1 4 0.092
​ 2 3.9999999999999996 0.09199999999999998
​ 3 4 0.092
​ 4 3.9999999999999996 0.092
​ 5 4 0.09200000000000001
​ 6 4 0.092
​ 7 4 0.09200000000000001
bird.js:238 8 4 0.09200000000000001
bird.js:238 9 4 0.09200000000000001
bird.js:238 10 3.9999999999999996 0.09199999999999998
bird.js:238 11 3.9999999999999996 0.09199999999999998
bird.js:238 12 4 0.09200000000000001
bird.js:238 13 4 0.09200000000000001
bird.js:238 14 4.015422635884593 0.09235472062534564
bird.js:238 0 4 0.064
bird.js:238 1 3.9999999999999996 0.064
bird.js:238 2 4 0.064
bird.js:238 3 3.9999999999999996 0.06399999999999999
bird.js:238 4 3.9999999999999996 0.064
bird.js:238 5 4 0.064
bird.js:238 6 4.021271417619097 0.06434034268190555
bird.js:238 7 3.9999999999999996 0.064
bird.js:238 8 3.9999999999999996 0.064
bird.js:238 9 4 0.064
bird.js:238 10 3.9999999999999996 0.064
bird.js:238 11 4 0.064
bird.js:238 12 4 0.064
bird.js:238 13 4 0.064
bird.js:238 14 4.0160503576497755 0.0642568057223964
bird.js:238 0 4 0.068
bird.js:238 1 4 0.06799999999999999
bird.js:238 2 4 0.068
bird.js:238 3 4 0.068
bird.js:238 4 4 0.068
bird.js:238 5 4 0.068
bird.js:238 6 4.042856119644027 0.06872855403394845
bird.js:238 7 4.007974685758957 0.06813556965790228
bird.js:238 8 3.9999999999999996 0.06799999999999999
bird.js:238 9 4 0.068
bird.js:238 10 3.9999999999999996 0.06799999999999999
bird.js:238 11 4.875902170001517 0.08289033689002578
bird.js:238 12 3.9999999999999996 0.068
bird.js:238 13 3.9999999999999996 0.06799999999999999
bird.js:238 14 4.014861957056418 0.06825265326995911
bird.js:238 0 4 0.068
bird.js:238 1 4 0.06800000000000002
bird.js:238 2 4 0.068
bird.js:238 3 3.9999999999999996 0.068
bird.js:238 4 3.9999999999999996 0.06799999999999999
bird.js:238 5 4 0.068
bird.js:238 6 4.0668844108533655 0.06913703498450723
bird.js:238 7 4.049570883395847 0.0688427050177294
bird.js:238 8 4 0.068
bird.js:238 9 4 0.06799999999999999
bird.js:238 10 3.9999999999999996 0.06799999999999999
bird.js:238 11 4.552918059066904 0.07739960700413738
bird.js:238 12 4 0.068
bird.js:238 13 3.9999999999999996 0.068
bird.js:238 14 4.011837077842975 0.06820123032333057
bird.js:238 0 4 0.024
bird.js:238 1 4 0.024
bird.js:238 2 4 0.024000000000000004
bird.js:238 3 4 0.024
bird.js:238 4 4 0.024000000000000004
bird.js:238 5 3.9999999999999996 0.023999999999999997
bird.js:238 6 4.0905127193015085 0.02454307631580905
bird.js:238 7 4.11562082596521 0.02469372495579126
bird.js:238 8 4 0.024
bird.js:238 9 4 0.024000000000000004
bird.js:238 10 4 0.024
bird.js:238 11 4.254322190965698 0.025525933145794183
bird.js:238 12 4 0.024
bird.js:238 13 4 0.024
bird.js:238 14 4.008665322409955 0.024051991934459727
bird.js:238 0 4 0.464
bird.js:238 1 4 0.464
bird.js:238 2 3.9999999999999996 0.46399999999999997
bird.js:238 3 3.9999999999999996 0.464
bird.js:238 4 4 0.464
bird.js:238 5 3.9999999999999996 0.46399999999999997
bird.js:238 6 4.109714890193091 0.4767269272623986
bird.js:238 7 4.1996320664330264 0.4871573197062311
bird.js:238 8 4 0.46399999999999997
bird.js:238 9 4 0.464
bird.js:238 10 4 0.464
bird.js:238 11 4 0.464
bird.js:238 12 4 0.464
bird.js:238 13 3.9999999999999996 0.46399999999999997
bird.js:238 14 4 0.464
​ 0 4 0.064
​ 1 4 0.06400000000000002
​ 2 4 0.064
​ 3 4 0.064
​ 4 4 0.064
​ 5 4 0.064
​ 6 4.132744339501332 0.06612390943202132
​ 7 4.280246503272236 0.06848394405235579
​ 8 3.9999999999999996 0.064
​ 9 4 0.064
​ 10 3.9999999999999996 0.064
​ 11 4 0.064
​ 12 4 0.064
​ 13 4 0.064
​ 14 4 0.064
​ 0 3.9999999999999996 0.072
​ 1 4 0.072
​ 2 4 0.072
​ 3 4 0.07200000000000001
​ 4 3.9999999999999996 0.072
​ 5 4 0.072
​ 6 4.154553952653789 0.0747819711477682
​ 7 4.3457470052053635 0.07822344609369651
​ 8 3.9999999999999996 0.07200000000000001
​ 9 4 0.072
​ 10 3.9999999999999996 0.072
​ 11 3.9999999999999996 0.072
​ 12 4 0.072
​ 13 4 0.07199999999999998
​ 14 3.9999999999999996 0.072
​ 0 4 0.060000000000000005
​ 1 4 0.060000000000000005
​ 2 4 0.060000000000000005
​ 3 4 0.06
​ 4 4 0.06
​ 5 4 0.060000000000000005
​ 6 4.174889556011246 0.0626233433401687
​ 7 4.419828081580419 0.06629742122370628
bird.js:238 8 4 0.06
bird.js:238 9 4 0.06
bird.js:238 10 4 0.060000000000000005
bird.js:238 11 4 0.060000000000000005
bird.js:238 12 4 0.06
bird.js:238 13 4 0.060000000000000005
bird.js:238 14 4 0.06
bird.js:238 0 4 0.072
bird.js:238 1 3.9999999999999996 0.07199999999999998
bird.js:238 2 3.9999999999999996 0.072
bird.js:238 3 4 0.07200000000000001
bird.js:238 4 4 0.072
bird.js:238 5 3.9999999999999996 0.072
bird.js:238 6 4.1931766847644925 0.07547718032576085
bird.js:238 7 4.079965266066559 0.07343937478919806
bird.js:238 8 4 0.07200000000000001
bird.js:238 9 3.9999999999999996 0.072
bird.js:238 10 3.9999999999999996 0.072
bird.js:238 11 3.9999999999999996 0.072
bird.js:238 12 4 0.07200000000000001
bird.js:238 13 4 0.07200000000000001
bird.js:238 14 4 0.07200000000000001
bird.js:238 0 4 0.064
bird.js:238 1 4 0.064
bird.js:238 2 3.9999999999999996 0.06399999999999999
bird.js:238 3 4 0.064
bird.js:238 4 3.9999999999999996 0.06399999999999999
bird.js:238 5 4 0.064
bird.js:238 6 4.2096618603683105 0.06735458976589298
bird.js:238 7 4 0.064
bird.js:238 8 4 0.064
bird.js:238 9 3.9999999999999996 0.06399999999999999
bird.js:238 10 4 0.06399999999999999
bird.js:238 11 4 0.064
bird.js:238 12 4 0.064
bird.js:238 13 3.9999999999999996 0.06399999999999999
bird.js:238 14 4 0.064
bird.js:238 0 4 0.06
bird.js:238 1 4 0.060000000000000005
bird.js:238 2 4 0.06
bird.js:238 3 4 0.06
bird.js:238 4 4 0.06
bird.js:238 5 3.9999999999999996 0.05999999999999999
bird.js:238 6 4.179480145892923 0.06269220218839386
bird.js:238 7 4 0.06
bird.js:238 8 4 0.060000000000000005
bird.js:238 9 4 0.06
bird.js:238 10 3.9999999999999996 0.06
bird.js:238 11 4 0.06
bird.js:238 12 3.9999999999999996 0.06
bird.js:238 13 3.9999999999999996 0.05999999999999999
bird.js:238 14 4 0.06
bird.js:238 0 3.9999999999999996 0.092
bird.js:238 1 3.9999999999999996 0.092
bird.js:238 2 3.9999999999999996 0.09199999999999998
bird.js:238 3 4 0.09200000000000001
bird.js:238 4 4 0.09200000000000001
bird.js:238 5 4 0.092
bird.js:238 6 4.099588862710615 0.09429054384234414
bird.js:238 7 4 0.092
bird.js:238 8 4 0.092
bird.js:238 9 4 0.092
bird.js:238 10 4 0.09199999999999998
bird.js:238 11 4 0.09200000000000001
bird.js:238 12 4 0.092
bird.js:238 13 4 0.092
bird.js:238 14 4 0.092
​ 0 4 0.05199999999999999
​ 1 4 0.05199999999999999
​ 2 4 0.052000000000000005
​ 3 3.9999999999999996 0.052
​ 4 4 0.052
​ 5 4 0.052
​ 6 4.026790928958152 0.05234828207645599
​ 7 4 0.052000000000000005
​ 8 4 0.052000000000000005
​ 9 4 0.052000000000000005
​ 10 4 0.05199999999999999
​ 11 4 0.052000000000000005
​ 12 4 0.052
​ 13 4 0.05199999999999999
​ 14 3.9999999999999996 0.05199999999999999
​ 0 4 0.056
​ 1 4 0.056
​ 2 4 0.056
​ 3 4 0.05600000000000001
​ 4 4 0.056
​ 5 4 0.056
​ 6 4 0.056
​ 7 4 0.05600000000000001
​ 8 4 0.056
​ 9 4 0.056
​ 10 4 0.056
​ 11 4 0.056
​ 12 3.9999999999999996 0.055999999999999994
​ 13 4 0.056
​ 14 3.9999999999999996 0.056
​ 0 4 0.08800000000000001
​ 1 4 0.088
​ 2 4 0.088
​ 3 3.9999999999999996 0.08799999999999998
​ 4 3.9999999999999996 0.08799999999999998
​ 5 4 0.08800000000000001
​ 6 4 0.088
​ 7 4 0.088
​ 8 3.9999999999999996 0.088
​ 9 3.9999999999999996 0.08799999999999998
​ 10 4 0.088
​ 11 4 0.088
​ 12 4 0.088
​ 13 4 0.088
​ 14 4 0.08800000000000001
​ 0 4 0.044
​ 1 4 0.044
​ 2 4 0.044
​ 3 4 0.044
​ 4 3.9999999999999996 0.044
​ 5 4 0.044
​ 6 4 0.044
​ 7 3.9999999999999996 0.04399999999999999
​ 8 3.9999999999999996 0.04399999999999999
​ 9 4 0.044
​ 10 4 0.044
​ 11 4 0.044
​ 12 3.9999999999999996 0.044
​ 13 3.9999999999999996 0.044
​ 14 3.9999999999999996 0.04399999999999999
​ 0 4 0.076
​ 1 4 0.076
​ 2 3.9999999999999996 0.07599999999999998
​ 3 4 0.076
​ 4 3.9999999999999996 0.07599999999999998
​ 5 4 0.076
​ 6 4 0.076
​ 7 4 0.076
​ 8 3.9999999999999996 0.076
​ 9 3.9999999999999996 0.076
​ 10 4 0.07600000000000001
​ 11 4 0.076
​ 12 4 0.076
​ 13 4 0.076
​ 14 4 0.076
​ 0 4 0.05999999999999999
​ 1 4 0.05999999999999999
​ 2 4 0.060000000000000005
​ 3 4 0.06
​ 4 3.9999999999999996 0.05999999999999999
​ 5 4 0.06
​ 6 4 0.060000000000000005
​ 7 3.9999999999999996 0.06
​ 8 4 0.06
​ 9 4 0.06
​ 10 4 0.06
​ 11 3.9999999999999996 0.06
​ 12 4 0.060000000000000005
​ 13 4 0.060000000000000005
​ 14 3.9999999999999996 0.05999999999999999
​ 0 4 0.064
​ 1 4 0.064
​ 2 4 0.064
​ 3 4 0.064
​ 4 3.9999999999999996 0.064
​ 5 4 0.064
​ 6 3.9999999999999996 0.064
​ 7 3.9999999999999996 0.064
bird.js:238 8 4 0.064
bird.js:238 9 4 0.064
bird.js:238 10 3.9999999999999996 0.064
bird.js:238 11 4 0.064
bird.js:238 12 4 0.064
bird.js:238 13 3.9999999999999996 0.06399999999999999
bird.js:238 14 4 0.064
bird.js:238 0 4 0.07200000000000001
bird.js:238 1 4 0.072
bird.js:238 2 4 0.07200000000000001
bird.js:238 3 4 0.072
bird.js:238 4 4 0.07200000000000001
bird.js:238 5 4 0.072
bird.js:238 6 3.9999999999999996 0.072
bird.js:238 7 4 0.07200000000000001
bird.js:238 8 3.9999999999999996 0.072
bird.js:238 9 4 0.07200000000000001
bird.js:238 10 3.9999999999999996 0.072
bird.js:238 11 4 0.072
bird.js:238 12 4 0.07200000000000001
bird.js:238 13 4 0.072
bird.js:238 14 3.9999999999999996 0.072
bird.js:238 0 3.9999999999999996 0.07199999999999998
bird.js:238 1 3.9999999999999996 0.07199999999999998
bird.js:238 2 3.9999999999999996 0.072
bird.js:238 3 4 0.072
bird.js:238 4 4 0.072
bird.js:238 5 4 0.072
bird.js:238 6 4 0.072
bird.js:238 7 4 0.07200000000000001
bird.js:238 8 3.9999999999999996 0.072
bird.js:238 9 4 0.07200000000000001
bird.js:238 10 3.9999999999999996 0.07200000000000001
bird.js:238 11 3.9999999999999996 0.072
bird.js:238 12 4 0.07200000000000001
bird.js:238 13 4 0.072
bird.js:238 14 3.9999999999999996 0.072
bird.js:238 0 3.9999999999999996 0.055999999999999994
bird.js:238 1 4 0.056
bird.js:238 2 4 0.056
bird.js:238 3 3.9999999999999996 0.055999999999999994
bird.js:238 4 4 0.056
bird.js:238 5 4 0.056
bird.js:238 6 4 0.056
bird.js:238 7 4 0.056
bird.js:238 8 3.9999999999999996 0.056
bird.js:238 9 4 0.05600000000000001
bird.js:238 10 4 0.055999999999999994
bird.js:238 11 4 0.056
bird.js:238 12 3.9999999999999996 0.056
bird.js:238 13 4 0.05600000000000001
bird.js:238 14 4 0.05600000000000001
bird.js:238 0 3.9999999999999996 0.06799999999999999
bird.js:238 1 4 0.068
bird.js:238 2 4 0.068
bird.js:238 3 3.9999999999999996 0.06799999999999999
bird.js:238 4 3.9999999999999996 0.068
bird.js:238 5 3.9999999999999996 0.06799999999999999
bird.js:238 6 3.9999999999999996 0.068
bird.js:238 7 4 0.068
bird.js:238 8 3.9999999999999996 0.068
bird.js:238 9 4 0.068
bird.js:238 10 4 0.068
bird.js:238 11 3.9999999999999996 0.06799999999999999
bird.js:238 12 4 0.068
bird.js:238 13 3.9999999999999996 0.06799999999999999
bird.js:238 14 4 0.068
​ 0 4 0.068
​ 1 4 0.068
​ 2 4 0.068
​ 3 4 0.06800000000000002
​ 4 4 0.068
​ 5 4 0.068
​ 6 3.9999999999999996 0.06799999999999999
​ 7 4 0.068
​ 8 4 0.068
​ 9 3.9999999999999996 0.068
​ 10 4 0.068
​ 11 4 0.068
​ 12 4 0.068
​ 13 4 0.068
​ 14 4 0.068
​ 0 4 0.104
​ 1 4 0.104
​ 2 4 0.10399999999999998
​ 3 4 0.10400000000000001
​ 4 4 0.104
​ 5 4 0.104
​ 6 4 0.104
​ 7 4 0.104
​ 8 4 0.104
​ 9 4 0.10399999999999998
​ 10 4 0.104
​ 11 4 0.10400000000000001
​ 12 4 0.10400000000000001
​ 13 4 0.10399999999999998
​ 14 4 0.104
​ 0 4 0.032
​ 1 3.9999999999999996 0.032
​ 2 4 0.032
​ 3 4 0.032
​ 4 3.9999999999999996 0.031999999999999994
​ 5 3.9999999999999996 0.031999999999999994
​ 6 3.9999999999999996 0.032
​ 7 4 0.032
​ 8 4 0.032
​ 9 3.9999999999999996 0.032
​ 10 4 0.032
​ 11 3.9999999999999996 0.031999999999999994
​ 12 4 0.031999999999999994
​ 13 4 0.032
​ 14 4 0.032
​ 0 4 0.068
​ 1 3.9999999999999996 0.06799999999999999
​ 2 3.9999999999999996 0.068
​ 3 4 0.068
​ 4 3.9999999999999996 0.06799999999999999
​ 5 3.9999999999999996 0.068
​ 6 4 0.06800000000000002
​ 7 3.9999999999999996 0.06799999999999999
​ 8 3.9999999999999996 0.068
​ 9 4 0.068
​ 10 4 0.068
​ 11 4 0.068
​ 12 4 0.068
​ 13 4 0.068
​ 14 4 0.06799999999999999
​ 0 3.9999999999999996 0.064
​ 1 4 0.064
​ 2 4 0.064
​ 3 4 0.064
​ 4 3.9999999999999996 0.06399999999999999
​ 5 3.9999999999999996 0.064
​ 6 4 0.064
​ 7 4 0.064
​ 8 4 0.064
​ 9 4 0.064
​ 10 4 0.064
​ 11 3.9999999999999996 0.06399999999999999
​ 12 4 0.06400000000000002
​ 13 4 0.064
​ 14 4 0.064
​ 0 4 0.068
​ 1 4 0.068
​ 2 4 0.068
​ 3 4 0.06800000000000002
​ 4 4 0.068
​ 5 4 0.068
​ 6 4 0.068
​ 7 4 0.068
bird.js:238 8 4 0.06799999999999999
bird.js:238 9 4 0.06799999999999999
bird.js:238 10 4 0.068
bird.js:238 11 4 0.068
bird.js:238 12 4 0.068
bird.js:238 13 4 0.068
bird.js:238 14 4 0.06799999999999999
bird.js:238 0 4 0.06799999999999999
bird.js:238 1 4 0.068
bird.js:238 2 4 0.06799999999999999
bird.js:238 3 4 0.06800000000000002
bird.js:238 4 3.9999999999999996 0.06799999999999999
bird.js:238 5 3.9999999999999996 0.068
bird.js:238 6 3.9999999999999996 0.06799999999999999
bird.js:238 7 4 0.068
bird.js:238 8 4 0.068
bird.js:238 9 4 0.068
bird.js:238 10 4 0.06800000000000002
bird.js:238 11 3.9999999999999996 0.06799999999999999
bird.js:238 12 3.9999999999999996 0.068
bird.js:238 13 4 0.068
bird.js:238 14 3.9999999999999996 0.06799999999999999
bird.js:238 0 4 0.064
bird.js:238 1 3.9999999999999996 0.064
bird.js:238 2 3.9999999999999996 0.064
bird.js:238 3 4 0.064
bird.js:238 4 3.9999999999999996 0.064
bird.js:238 5 3.9999999999999996 0.064
bird.js:238 6 4 0.064
bird.js:238 7 3.9999999999999996 0.064
bird.js:238 8 4 0.064
bird.js:238 9 3.9999999999999996 0.064
bird.js:238 10 4 0.064
bird.js:238 11 4 0.064
bird.js:238 12 4 0.06399999999999999
bird.js:238 13 3.9999999999999996 0.064
bird.js:238 14 4 0.06400000000000002
bird.js:238 0 4 0.068
bird.js:238 1 3.9999999999999996 0.06799999999999999
bird.js:238 2 4 0.068
bird.js:238 3 3.9999999999999996 0.068
bird.js:238 4 4 0.068
bird.js:238 5 4 0.06800000000000002
bird.js:238 6 4 0.068
bird.js:238 7 4 0.068
bird.js:238 8 3.9999999999999996 0.068
bird.js:238 9 4 0.068
bird.js:238 10 4 0.068
bird.js:238 11 4 0.068
bird.js:238 12 4 0.068
bird.js:238 13 3.999999999999999 0.06799999999999999
bird.js:238 14 4 0.068
bird.js:238 0 4 0.064
bird.js:238 1 3.9999999999999996 0.06399999999999999
bird.js:238 2 4 0.064
bird.js:238 3 3.9999999999999996 0.064
bird.js:238 4 4 0.064
bird.js:238 5 4 0.064
bird.js:238 6 4 0.064
bird.js:238 7 4 0.064
bird.js:238 8 3.9999999999999996 0.06399999999999999
bird.js:238 9 3.9999999999999996 0.064
bird.js:238 10 4 0.064
bird.js:238 11 4 0.064
bird.js:238 12 4 0.064
bird.js:238 13 4 0.064
bird.js:238 14 3.9999999999999996 0.06399999999999999
​ 0 4 0.06800000000000002
​ 1 4 0.068
​ 2 3.9999999999999996 0.068
​ 3 3.999999999999999 0.06799999999999999
​ 4 4 0.068
​ 5 4 0.06799999999999999
​ 6 3.9999999999999996 0.06799999999999999
​ 7 4 0.068
​ 8 4 0.068
​ 9 4 0.068
​ 10 3.9999999999999996 0.06799999999999999
​ 11 4 0.068
​ 12 3.9999999999999996 0.068
​ 13 3.9999999999999996 0.068
​ 14 3.9999999999999996 0.068
​ 0 4 0.068
​ 1 4 0.068
​ 2 4 0.06800000000000002
​ 3 4 0.068
​ 4 4 0.068
​ 5 4 0.068
​ 6 4 0.068
​ 7 4 0.06799999999999999
​ 8 3.9999999999999996 0.06799999999999999
​ 9 4 0.068
​ 10 4 0.068
​ 11 4 0.068
​ 12 4 0.068
​ 13 4 0.068
​ 14 4 0.06800000000000002
​ 0 4 0.06800000000000002
​ 1 3.9999999999999996 0.068
​ 2 4 0.068
​ 3 4 0.06800000000000002
​ 4 3.9999999999999996 0.06799999999999999
​ 5 4 0.068
​ 6 4 0.06800000000000002
bird.js:238 7 3.9999999999999996 0.06799999999999999
bird.js:238 8 4 0.068
bird.js:238 9 4 0.068
bird.js:238 10 3.9999999999999996 0.068
bird.js:238 11 4 0.068
bird.js:238 12 3.9999999999999996 0.068
bird.js:238 13 4 0.068
bird.js:238 14 4 0.068
bird.js:238 0 4 0.068
bird.js:238 1 4 0.068
bird.js:238 2 3.9999999999999996 0.06799999999999999
bird.js:238 3 3.9999999999999996 0.06799999999999999
bird.js:238 4 4 0.068
bird.js:238 5 4 0.068
bird.js:238 6 3.9999999999999996 0.068
bird.js:238 7 4 0.068
bird.js:238 8 4 0.06799999999999999
bird.js:238 9 3.9999999999999996 0.06799999999999999
bird.js:238 10 4 0.068
bird.js:238 11 4 0.06800000000000002
bird.js:238 12 3.9999999999999996 0.068
bird.js:238 13 4 0.068
bird.js:238 14 4 0.06799999999999999
bird.js:238 0 4 0.064
bird.js:238 1 3.9999999999999996 0.064
bird.js:238 2 4 0.064
bird.js:238 3 3.9999999999999996 0.064
bird.js:238 4 4 0.064
bird.js:238 5 4 0.064
bird.js:238 6 4 0.064
bird.js:238 7 4 0.064
bird.js:238 8 4 0.06399999999999999
bird.js:238 9 3.9999999999999996 0.064
bird.js:238 10 3.9999999999999996 0.06399999999999999
bird.js:238 11 3.9999999999999996 0.064
bird.js:238 12 4 0.064
bird.js:238 13 4 0.064
bird.js:238 14 4 0.064
bird.js:238 0 4 0.064
bird.js:238 1 3.9999999999999996 0.06399999999999999
bird.js:238 2 4 0.06400000000000002
bird.js:238 3 4 0.06399999999999999
bird.js:238 4 4 0.064
